сервелат сырокопченый 
0.410
213.0    0.00
214.0    2.80
215.0    5.70
216.0    8.50
217.0   11.40
218.0   14.20
219.0   17.10
220.0   19.90
221.0   22.80
222.0   25.60
223.0   28.50
224.0   31.30
225.0   34.20
226.0   37.00
227.0   39.90
228.0   42.70
229.0   45.50
230.0   48.40
231.0   51.20
232.0   54.10
233.0   56.90
234.0   59.80
235.0   62.60
236.0   65.50
237.0   68.30
238.0   71.20
239.0   74.00
240.0   76.90
241.0   79.70
242.0   82.60
243.0   85.40
244.0   88.30
245.0   91.10
246.0   94.00
247.0   96.80
248.0   99.70
249.0  102.50
250.0  105.40
251.0  108.20
252.0  111.10
253.0  113.90
254.0  116.40
255.0  118.80
256.0  121.30
257.0  123.90
258.0  126.40
259.0  128.70
260.0  131.60
261.0  134.30
262.0  137.00
263.0  139.70
264.0  142.60
265.0  145.50
266.0  148.50
267.0  151.60
268.0  154.80
269.0  158.10
270.0  161.50
271.0  165.10
272.0  168.10
273.0  171.70
274.0  176.30
275.0  180.10
276.0  183.90
277.0  187.60
278.0  191.30
279.0  194.90
280.0  198.30
281.0  201.70
282.0  205.00
283.0  208.10
284.0  211.30
285.0  214.30
286.0  217.40
287.0  220.40
288.0  223.30
289.0  226.30
290.0  229.30
291.0  232.40
292.0  235.40
293.0  238.60
294.0  241.90
295.0  245.30
296.0  248.80
297.0  252.60
298.0  256.50
299.0  260.70
300.0  264.90
301.0  269.10
302.0  273.20
303.0  277.00
304.0  280.80
305.0  284.30
306.0  287.60
307.0  290.70
308.0  293.80
309.0  296.70
310.0  299.20
311.0  302.20
312.0  304.90
313.0  307.60
314.0  310.20
315.0  312.80
316.0  315.30
317.0  317.80
318.0  320.40
319.0  322.90
320.0  325.30
321.0  327.80
322.0  330.30
323.0  332.70
324.0  335.20
325.0  337.60
326.0  340.10
327.0  342.50
328.0  344.90
329.0  347.40
330.0  349.80
331.0  352.20
332.0  354.60
333.0  357.10
334.0  359.50
335.0  361.90
336.0  364.30
337.0  366.70
338.0  369.20
339.0  371.60
340.0  374.00
341.0  376.40
342.0  378.90
343.0  381.30
344.0  383.70
345.0  386.20
346.0  388.60
347.0  391.00
348.0  393.50
349.0  395.90
350.0  398.40
351.0  400.80
352.0  403.30
353.0  405.70
354.0  408.20
355.0  410.70
356.0  413.10
357.0  415.60
358.0  418.10
359.0  420.60
360.0  423.00
361.0  425.50
362.0  428.00
363.0  430.50
364.0  433.00
365.0  435.50
366.0  438.00
367.0  440.50
368.0  443.10
369.0  445.60
370.0  448.10
371.0  450.60
372.0  453.00
373.0  455.70
