таллинская полукопченая
0.480
213.0    0.00
214.0    2.29
215.0    4.59
216.0    6.89
217.0    9.19
218.0   11.50
219.0   13.80
220.0   16.12
221.0   18.43
222.0   20.75
223.0   23.08
224.0   25.41
225.0   27.74
226.0   30.08
227.0   32.43
228.0   34.78
229.0   37.14
230.0   39.50
231.0   41.87
232.0   44.24
233.0   46.63
234.0   49.02
235.0   51.42
236.0   53.83
237.0   56.25
238.0   58.68
239.0   61.12
240.0   63.58
241.0   66.05
242.0   68.53
243.0   71.03
244.0   73.55
245.0   76.09
246.0   78.64
247.0   81.23
248.0   83.84
249.0   86.48
250.0   89.15
251.0   91.86
252.0   94.62
253.0   97.43
254.0  100.29
255.0  103.23
256.0  106.26
257.0  109.38
258.0  112.63
259.0  116.04
260.0  119.65
261.0  123.53
262.0  127.77
263.0  132.54
264.0  138.11
265.0  145.01
266.0  154.41
267.0  169.66
268.0  206.49
268.5  270.24
270.0  276.04
271.0  279.94
272.0  283.94
273.0  288.04
274.0  292.14
275.0  296.24
276.0  300.44
277.0  304.44
278.0  308.44
279.0  312.34
280.0  315.14
281.0  319.94
282.0  323.54
283.0  327.14
284.0  330.64
285.0  334.04
286.0  337.44
287.0  340.84
288.0  344.24
289.0  347.64
290.0  351.04
291.0  354.44
292.0  357.94
293.0  361.44
294.0  365.04
295.0  368.84
296.0  372.74
297.0  376.84
298.0  381.04
299.0  385.44
300.0  389.94
301.0  394.44
302.0  398.84
303.0  403.04
304.0  407.04
305.0  410.84
306.0  414.54
307.0  418.04
308.0  421.44
309.0  424.74
310.0  427.94
311.0  431.14
312.0  434.24
313.0  437.34
314.0  440.44
315.0  443.44
316.0  446.44
317.0  449.44
318.0  452.34
319.0  455.34
320.0  458.24
321.0  461.24
322.0  464.14
323.0  467.04
324.0  469.14
325.0  472.84
326.0  475.74
327.0  478.64
328.0  481.54
329.0  484.44
330.0  487.34
331.0  490.24
332.0  493.14
333.0  496.04
334.0  498.94
335.0  501.84
336.0  504.74
337.0  507.64
338.0  510.54
339.0  513.44
340.0  516.34
341.0  519.24
342.0  522.24
343.0  525.14
344.0  528.04
345.0  530.94
346.0  533.94
347.0  536.84
348.0  539.74
349.0  542.74
350.0  545.64
351.0  548.54
352.0  551.54
353.0  554.54
354.0  557.44
355.0  560.44
356.0  563.44
357.0  566.34
358.0  569.34
359.0  572.34
360.0  575.34
361.0  578.34
362.0  581.34
363.0  584.34
364.0  587.34
365.0  590.34
366.0  593.44
367.0  596.44
368.0  599.44
369.0  602.54
370.0  605.54
371.0  608.64
372.0  611.64
373.0  614.74
