cоветская сырокопченая
0.560
213.0    0.00
214.0    2.90
215.0    5.80
216.0    8.80
217.0   11.70
218.0   14.60
219.0   17.50
220.0   20.50
221.0   23.40
222.0   26.30
223.0   29.30
224.0   32.20
225.0   35.10
226.0   38.00
227.0   41.00
228.0   43.90
229.0   46.80
230.0   49.80
231.0   52.70
232.0   55.60
233.0   58.50
234.0   61.50
235.0   64.40
236.0   67.30
237.0   70.30
238.0   73.20
239.0   76.10
240.0   79.00
241.0   82.00
242.0   84.90
243.0   87.80
244.0   90.70
245.0   93.70
246.0   96.60
247.0   99.50
248.0  102.50
249.0  105.40
250.0  108.30
251.0  111.20
252.0  114.20
253.0  117.10
254.0  119.50
255.0  121.90
256.0  124.30
257.0  126.80
258.0  129.40
259.0  132.00
260.0  134.60
261.0  137.30
262.0  140.10
263.0  142.90
264.0  145.80
265.0  148.90
266.0  152.10
267.0  155.30
268.0  158.70
269.0  162.30
270.0  166.00
271.0  169.90
272.0  174.00
273.0  178.10
274.0  182.40
275.0  186.60
276.0  190.90
277.0  195.10
278.0  199.10
279.0  203.00
280.0  206.80
281.0  210.50
282.0  214.00
283.0  217.40
284.0  220.80
285.0  224.00
286.0  227.20
287.0  230.40
288.0  233.50
289.0  236.60
290.0  239.80
291.0  243.00
292.0  246.20
293.0  249.60
294.0  253.10
295.0  256.80
296.0  260.70
297.0  264.90
298.0  269.40
299.0  274.10
300.0  278.90
301.0  283.70
302.0  288.40
303.0  292.60
304.0  296.90
305.0  300.70
306.0  304.20
307.0  307.60
308.0  310.70
309.0  313.70
310.0  316.60
311.0  319.40
312.0  322.20
313.0  324.90
314.0  327.50
315.0  330.10
316.0  332.60
317.0  335.10
318.0  337.60
319.0  340.10
320.0  342.50
321.0  344.90
322.0  347.40
323.0  349.80
324.0  352.10
325.0  354.50
326.0  356.90
327.0  359.30
328.0  361.60
329.0  364.00
330.0  366.40
331.0  368.70
332.0  371.10
333.0  373.40
334.0  375.80
335.0  378.10
336.0  380.40
337.0  382.80
338.0  385.10
339.0  387.50
340.0  389.80
341.0  392.20
342.0  394.50
343.0  396.90
344.0  399.20
345.0  401.60
346.0  403.90
347.0  406.30
348.0  408.60
349.0  411.00
350.0  413.30
351.0  415.70
352.0  418.10
353.0  420.40
354.0  422.80
355.0  425.20
356.0  427.60
357.0  429.90
358.0  432.30
359.0  434.70
360.0  437.10
361.0  439.50
362.0  441.90
363.0  444.30
364.0  446.70
365.0  449.10
366.0  451.50
367.0  453.90
368.0  456.30
369.0  458.80
370.0  461.20
371.0  463.60
372.0  466.10
373.0  468.50
