сервелат варено-копченый
0.380
213.0    0.00
214.0    2.64
215.0    5.27
216.0    7.91
217.0   10.55
218.0   13.20
219.0   15.85
220.0   18.50
221.0   21.15
222.0   23.81
223.0   26.47
224.0   29.13
225.0   31.80
226.0   34.47
227.0   37.14
228.0   39.82
229.0   42.51
230.0   45.20
231.0   47.89
232.0   50.59
233.0   53.30
234.0   56.01
235.0   58.73
236.0   61.46
237.0   64.20
238.0   66.94
239.0   69.70
240.0   72.46
241.0   75.24
242.0   78.03
243.0   80.83
244.0   83.65
245.0   86.49
246.0   89.34
247.0   92.22
248.0   95.12
249.0   98.05
250.0  101.01
251.0  104.00
252.0  107.04
253.0  110.13
254.0  113.27
255.0  116.49
256.0  119.79
257.0  123.20
258.0  126.75
259.0  130.48
260.0  134.44
261.0  138.75
262.0  143.55
263.0  149.14
264.0  156.13
265.0  165.99
266.0  183.89
267.0  253.04
268.0  256.44
269.0  259.84
270.0  263.44
271.0  267.04
272.0  270.84
273.0  274.64
274.0  278.54
275.0  282.34
276.0  286.24
277.0  289.04
278.0  293.84
279.0  297.44
280.0  301.04
281.0  304.54
282.0  307.94
283.0  311.24
284.0  314.54
285.0  317.84
286.0  321.04
287.0  324.14
288.0  327.34
289.0  330.54
290.0  333.64
291.0  336.84
292.0  340.14
293.0  343.44
294.0  346.84
295.0  350.34
296.0  354.04
297.0  357.84
298.0  361.84
299.0  365.94
300.0  370.24
301.0  374.44
302.0  378.54
303.0  382.54
304.0  386.24
305.0  389.84
306.0  393.24
307.0  396.54
308.0  399.74
309.0  402.84
310.0  405.84
311.0  408.84
312.0  411.74
313.0  414.64
314.0  417.54
315.0  420.34
316.0  423.14
317.0  425.94
318.0  428.64
319.0  431.44
320.0  434.14
321.0  436.94
322.0  439.64
323.0  442.34
324.0  445.14
325.0  447.84
326.0  450.54
327.0  453.24
328.0  455.94
329.0  458.64
330.0  461.34
331.0  464.04
332.0  466.74
333.0  469.44
334.0  472.14
335.0  474.84
336.0  477.54
337.0  480.24
338.0  482.94
339.0  485.64
340.0  487.54
341.0  491.14
342.0  493.84
343.0  496.54
344.0  499.24
345.0  502.04
346.0  504.74
347.0  507.44
348.0  510.14
349.0  512.94
350.0  516.04
351.0  518.44
352.0  521.14
353.0  523.94
354.0  526.64
355.0  529.44
356.0  532.24
357.0  534.94
358.0  537.74
359.0  540.54
360.0  543.34
361.0  546.14
362.0  548.94
363.0  551.74
364.0  554.54
365.0  557.34
366.0  560.14
367.0  562.94
368.0  565.74
369.0  568.64
370.0  571.44
371.0  574.24
372.0  577.44
373.0  579.94
