кроличье мясо
0.710
213.0    0.00
214.0    1.91
215.0    3.83
216.0    5.75
217.0    7.68
218.0    9.61
219.0   11.54
220.0   13.48
221.0   15.42
222.0   17.37
223.0   19.33
224.0   21.29
225.0   23.26
226.0   25.23
227.0   27.21
228.0   29.20
229.0   31.19
230.0   33.19
231.0   35.20
232.0   37.22
233.0   39.25
234.0   41.29
235.0   43.34
236.0   45.40
237.0   47.47
238.0   49.56
239.0   51.66
240.0   53.77
241.0   55.90
242.0   58.04
243.0   60.20
244.0   62.39
245.0   64.59
246.0   66.82
247.0   69.07
248.0   71.35
249.0   73.66
250.0   76.01
251.0   78.39
252.0   80.82
253.0   83.29
254.0   85.82
255.0   88.41
256.0   91.06
257.0   93.81
258.0   96.64
259.0   99.59
260.0  102.68
261.0  105.93
262.0  109.38
263.0  113.09
264.0  117.13
265.0  121.62
266.0  126.73
267.0  132.73
268.0  140.13
269.0  149.93
270.0  164.49
271.0  191.30
272.0  277.36
272.2  330.94
274.0  337.31
275.0  340.85
276.0  344.38
277.0  347.92
278.0  351.46
279.0  355.00
280.0  358.54
281.0  362.08
282.0  365.62
283.0  369.16
284.0  372.70
285.0  376.24
286.0  379.77
287.0  383.31
288.0  386.85
289.0  390.39
290.0  393.93
291.0  397.47
292.0  401.01
293.0  404.55
294.0  408.09
295.0  411.63
296.0  415.16
297.0  418.70
298.0  422.24
299.0  425.78
300.0  429.32
301.0  432.86
302.0  436.40
303.0  439.94
304.0  443.48
305.0  447.02
306.0  450.55
307.0  454.09
308.0  457.63
309.0  461.17
310.0  464.71
311.0  468.25
312.0  471.79
313.0  475.33
314.0  478.87
315.0  482.41
316.0  485.94
317.0  489.48
318.0  493.02
319.0  496.56
320.0  500.10
321.0  503.64
322.0  507.18
323.0  510.72
324.0  514.26
325.0  517.80
326.0  521.33
327.0  524.87
328.0  528.41
329.0  531.95
330.0  535.49
331.0  539.03
332.0  542.57
333.0  546.11
334.0  549.65
335.0  553.19
336.0  556.72
337.0  560.26
338.0  563.80
339.0  567.34
340.0  570.88
341.0  574.42
342.0  577.96
343.0  581.50
344.0  585.04
345.0  588.58
346.0  592.11
347.0  595.65
348.0  599.19
349.0  602.73
350.0  606.27
351.0  609.81
352.0  613.35
353.0  616.89
354.0  620.43
355.0  623.97
356.0  627.50
357.0  631.04
358.0  634.58
359.0  638.12
360.0  641.66
361.0  645.20
362.0  648.74
363.0  652.28
364.0  655.82
365.0  659.36
366.0  662.89
367.0  666.43
368.0  669.97
369.0  673.51
370.0  677.05
371.0  680.59
372.0  684.13
373.0  687.67
