лук репчатый
0.890
213.0    0.00
214.0    2.22
215.0    4.44
216.0    6.66
217.0    8.89
218.0   11.13
219.0   13.37
220.0   15.62
221.0   17.87
222.0   20.13
223.0   22.40
224.0   24.67
225.0   26.95
226.0   29.24
227.0   31.54
228.0   33.85
229.0   36.16
230.0   38.49
231.0   40.82
232.0   43.17
233.0   45.53
234.0   47.90
235.0   50.28
236.0   52.68
237.0   55.09
238.0   57.52
239.0   59.96
240.0   62.42
241.0   64.90
242.0   67.41
243.0   69.93
244.0   72.48
245.0   75.06
246.0   77.67
247.0   80.31
248.0   82.98
249.0   85.69
250.0   88.45
251.0   91.26
252.0   94.12
253.0   97.04
254.0  100.03
255.0  103.10
256.0  106.27
257.0  109.54
258.0  112.94
259.0  116.48
260.0  120.21
261.0  124.16
262.0  128.39
263.0  132.97
264.0  138.01
265.0  143.68
266.0  150.23
267.0  158.10
268.0  168.11
269.0  181.96
270.0  204.12
271.0  251.77
271.8  401.08
273.0  405.75
274.0  409.64
275.0  413.53
276.0  417.42
277.0  421.31
278.0  425.20
279.0  429.09
280.0  432.98
281.0  436.87
282.0  440.76
283.0  444.66
284.0  448.55
285.0  452.44
286.0  456.33
287.0  460.22
288.0  464.11
289.0  468.00
290.0  471.89
291.0  475.78
292.0  479.67
293.0  483.57
294.0  487.46
295.0  491.35
296.0  495.24
297.0  499.13
298.0  503.02
299.0  506.91
300.0  510.80
301.0  514.69
302.0  518.58
303.0  522.48
304.0  526.37
305.0  530.26
306.0  534.15
307.0  538.04
308.0  541.93
309.0  545.82
310.0  549.71
311.0  553.60
312.0  557.49
313.0  561.39
314.0  565.28
315.0  569.17
316.0  573.06
317.0  576.95
318.0  580.84
319.0  584.73
320.0  588.62
321.0  592.51
322.0  596.40
323.0  600.30
324.0  604.19
325.0  608.08
326.0  611.97
327.0  615.86
328.0  619.75
329.0  623.64
330.0  627.53
331.0  631.42
332.0  635.31
333.0  639.21
334.0  643.10
335.0  646.99
336.0  650.88
337.0  654.77
338.0  658.66
339.0  662.55
340.0  666.44
341.0  670.33
342.0  674.22
343.0  678.12
344.0  682.01
345.0  685.90
346.0  689.79
347.0  693.68
348.0  697.57
349.0  701.46
350.0  705.35
351.0  709.24
352.0  713.13
353.0  717.03
354.0  720.92
355.0  724.81
356.0  728.70
357.0  732.59
358.0  736.48
359.0  740.37
360.0  744.26
361.0  748.15
362.0  752.04
363.0  755.94
364.0  759.83
365.0  763.72
366.0  767.61
367.0  771.50
368.0  775.39
369.0  779.28
370.0  783.17
371.0  787.06
372.0  790.95
373.0  794.85
