масло крестьянское
0.270
213.0    0.00
214.0    2.19
215.0    4.38
216.0    6.57
217.0    8.76
218.0   10.96
219.0   13.16
220.0   15.35
221.0   17.56
222.0   19.76
223.0   21.96
224.0   24.17
225.0   26.38
226.0   28.60
227.0   30.81
228.0   33.03
229.0   35.25
230.0   37.48
231.0   39.70
232.0   41.93
233.0   44.17
234.0   46.41
235.0   48.65
236.0   50.90
237.0   53.15
238.0   55.40
239.0   57.67
240.0   59.93
241.0   62.21
242.0   64.49
243.0   66.77
244.0   69.07
245.0   71.37
246.0   73.68
247.0   76.00
248.0   78.33
249.0   80.67
250.0   83.03
251.0   85.40
252.0   87.78
253.0   90.18
254.0   92.60
255.0   95.04
256.0   97.51
257.0  100.01
258.0  102.53
259.0  105.10
260.0  107.72
261.0  110.39
262.0  113.12
263.0  115.94
264.0  118.87
265.0  121.93
266.0  125.17
267.0  128.67
268.0  132.55
269.0  137.03
270.0  142.55
271.0  150.22
272.0  163.87
273.0  215.52
274.0  219.32
275.0  223.12
276.0  226.72
277.0  230.22
278.0  233.52
279.0  236.72
280.0  239.82
281.0  243.02
282.0  246.42
283.0  250.42
284.0  253.82
285.0  257.52
286.0  261.42
287.0  265.12
288.0  269.12
289.0  273.62
290.0  278.72
291.0  284.12
292.0  289.22
293.0  293.72
294.0  297.72
295.0  300.82
296.0  304.82
297.0  308.22
298.0  311.82
299.0  315.22
300.0  318.52
301.0  321.92
302.0  325.42
303.0  329.12
304.0  332.82
305.0  336.62
306.0  340.22
307.0  343.82
308.0  347.32
309.0  350.62
310.0  353.62
311.0  356.52
312.0  359.32
313.0  362.02
314.0  364.82
315.0  367.42
316.0  370.12
317.0  372.82
318.0  375.42
319.0  378.02
320.0  380.62
321.0  383.32
322.0  385.92
323.0  388.52
324.0  391.12
325.0  393.72
326.0  396.32
327.0  398.92
328.0  401.52
329.0  404.02
330.0  406.62
331.0  409.22
332.0  411.82
333.0  414.42
334.0  417.02
335.0  419.72
336.0  422.32
337.0  424.92
338.0  427.52
339.0  430.12
340.0  432.72
341.0  435.32
342.0  438.02
343.0  440.62
344.0  443.22
345.0  445.92
346.0  448.52
347.0  451.22
348.0  453.82
349.0  456.52
350.0  459.12
351.0  461.82
352.0  464.52
353.0  467.12
354.0  469.82
355.0  472.52
356.0  475.22
357.0  477.92
358.0  480.62
359.0  483.32
360.0  486.02
361.0  488.72
362.0  491.52
363.0  494.22
364.0  496.92
365.0  499.72
366.0  502.42
367.0  505.22
368.0  507.92
369.0  510.72
370.0  513.52
371.0  516.32
372.0  519.12
373.0  521.82
