масло сладкосливочное
0.183
213.0    0.00
214.0    2.14
215.0    4.29
216.0    6.43
217.0    8.58
218.0   10.72
219.0   12.87
220.0   15.02
221.0   17.17
222.0   19.33
223.0   21.48
224.0   23.64
225.0   25.80
226.0   27.96
227.0   30.12
228.0   32.28
229.0   34.45
230.0   36.62
231.0   38.79
232.0   40.96
233.0   43.14
234.0   45.32
235.0   47.50
236.0   49.69
237.0   51.87
238.0   54.07
239.0   56.26
240.0   58.46
241.0   60.67
242.0   62.87
243.0   65.09
244.0   67.31
245.0   69.53
246.0   71.76
247.0   74.00
248.0   76.25
249.0   78.50
250.0   80.76
251.0   83.04
252.0   85.32
253.0   87.61
254.0   89.92
255.0   92.25
256.0   94.59
257.0   96.95
258.0   99.34
259.0  101.75
260.0  104.19
261.0  106.68
262.0  109.21
263.0  111.79
264.0  114.46
265.0  117.21
266.0  120.09
267.0  123.15
268.0  126.47
269.0  130.19
270.0  134.63
271.0  140.54
272.0  150.52
273.0  186.31
274.0  190.11
275.0  193.91
276.0  197.51
277.0  200.91
278.0  204.11
279.0  207.21
280.0  210.31
281.0  213.31
282.0  216.71
283.0  220.61
284.0  224.01
285.0  227.71
286.0  231.51
287.0  235.21
288.0  239.21
289.0  243.81
290.0  249.11
291.0  254.71
292.0  259.91
293.0  264.51
294.0  268.51
295.0  272.11
296.0  275.51
297.0  278.81
298.0  282.41
299.0  285.71
300.0  288.91
301.0  292.31
302.0  295.71
303.0  299.41
304.0  303.11
305.0  306.81
306.0  310.31
307.0  313.91
308.0  317.41
309.0  320.61
310.0  323.51
311.0  326.21
312.0  328.81
313.0  331.41
314.0  334.01
315.0  336.51
316.0  339.01
317.0  341.51
318.0  343.91
319.0  346.41
320.0  348.81
321.0  351.21
322.0  353.61
323.0  356.01
324.0  358.41
325.0  360.91
326.0  363.31
327.0  365.71
328.0  368.01
329.0  370.51
330.0  372.91
331.0  375.31
332.0  377.71
333.0  380.11
334.0  382.51
335.0  384.91
336.0  387.31
337.0  389.71
338.0  392.11
339.0  394.51
340.0  397.01
341.0  399.41
342.0  401.81
343.0  404.21
344.0  406.71
345.0  409.11
346.0  411.61
347.0  414.01
348.0  416.51
349.0  418.91
350.0  421.41
351.0  423.81
352.0  426.31
353.0  428.81
354.0  431.21
355.0  433.71
356.0  436.21
357.0  438.71
358.0  441.21
359.0  443.71
360.0  446.21
361.0  448.71
362.0  451.21
363.0  453.71
364.0  456.31
365.0  458.81
366.0  461.31
367.0  463.91
368.0  466.41
369.0  469.01
370.0  471.51
371.0  474.11
372.0  476.71
373.0  479.21
