мандарины
0.900
213.0    0.00
214.0    2.22
215.0    4.45
216.0    6.68
217.0    8.92
218.0   11.16
219.0   13.41
220.0   15.67
221.0   17.93
222.0   20.20
223.0   22.47
224.0   24.75
225.0   27.04
226.0   29.34
227.0   31.64
228.0   33.96
229.0   36.28
230.0   38.61
231.0   40.96
232.0   43.31
233.0   45.68
234.0   48.06
235.0   50.45
236.0   52.85
237.0   55.27
238.0   57.71
239.0   60.16
240.0   62.63
241.0   65.12
242.0   67.63
243.0   70.17
244.0   72.73
245.0   75.32
246.0   77.93
247.0   80.58
248.0   83.26
249.0   85.99
250.0   88.75
251.0   91.57
252.0   94.44
253.0   97.37
254.0  100.37
255.0  103.45
256.0  106.63
257.0  109.91
258.0  113.31
259.0  116.87
260.0  120.60
261.0  124.55
262.0  128.78
263.0  133.35
264.0  138.38
265.0  144.03
266.0  150.53
267.0  158.32
268.0  168.15
269.0  181.63
270.0  202.80
271.0  246.44
271.9  404.96
273.0  409.27
274.0  413.19
275.0  417.11
276.0  421.03
277.0  424.94
278.0  428.86
279.0  432.78
280.0  436.70
281.0  440.62
282.0  444.53
283.0  448.45
284.0  452.37
285.0  456.29
286.0  460.21
287.0  464.12
288.0  468.04
289.0  471.96
290.0  475.88
291.0  479.80
292.0  483.71
293.0  487.63
294.0  491.55
295.0  495.47
296.0  499.39
297.0  503.30
298.0  507.22
299.0  511.14
300.0  515.06
301.0  518.98
302.0  522.89
303.0  526.81
304.0  530.73
305.0  534.65
306.0  538.57
307.0  542.48
308.0  546.40
309.0  550.32
310.0  554.24
311.0  558.16
312.0  562.07
313.0  565.99
314.0  569.91
315.0  573.83
316.0  577.75
317.0  581.66
318.0  585.58
319.0  589.50
320.0  593.42
321.0  597.34
322.0  601.25
323.0  605.17
324.0  609.09
325.0  613.01
326.0  616.93
327.0  620.84
328.0  624.76
329.0  628.68
330.0  632.60
331.0  636.52
332.0  640.43
333.0  644.35
334.0  648.27
335.0  652.19
336.0  656.11
337.0  660.02
338.0  663.94
339.0  667.86
340.0  671.78
341.0  675.70
342.0  679.61
343.0  683.53
344.0  687.45
345.0  691.37
346.0  695.29
347.0  699.20
348.0  703.12
349.0  707.04
350.0  710.96
351.0  714.88
352.0  718.79
353.0  722.71
354.0  726.63
355.0  730.55
356.0  734.47
357.0  738.38
358.0  742.30
359.0  746.22
360.0  750.14
361.0  754.06
362.0  757.97
363.0  761.89
364.0  765.81
365.0  769.73
366.0  773.65
367.0  777.56
368.0  781.48
369.0  785.40
370.0  789.32
371.0  793.24
372.0  797.15
373.0  801.07
