манго
0.810
213.0    0.00
214.0    2.15
215.0    4.30
216.0    6.46
217.0    8.62
218.0   10.79
219.0   12.96
220.0   15.14
221.0   17.33
222.0   19.52
223.0   21.71
224.0   23.91
225.0   26.12
226.0   28.34
227.0   30.56
228.0   32.79
229.0   35.03
230.0   37.28
231.0   39.54
232.0   41.80
233.0   44.08
234.0   46.37
235.0   48.67
236.0   50.98
237.0   53.31
238.0   55.64
239.0   58.00
240.0   60.37
241.0   62.76
242.0   65.16
243.0   67.59
244.0   70.04
245.0   72.51
246.0   75.01
247.0   77.54
248.0   80.10
249.0   82.69
250.0   85.32
251.0   88.00
252.0   90.72
253.0   93.50
254.0   96.34
255.0   99.24
256.0  102.23
257.0  105.31
258.0  108.51
259.0  111.83
260.0  115.30
261.0  118.97
262.0  122.87
263.0  127.07
264.0  131.66
265.0  136.77
266.0  142.60
267.0  149.49
268.0  158.05
269.0  169.50
270.0  186.81
271.0  219.81
272.0  338.71
272.1  374.01
274.0  380.98
275.0  384.65
276.0  388.32
277.0  391.99
278.0  395.66
279.0  399.33
280.0  403.00
281.0  406.67
282.0  410.34
283.0  414.01
284.0  417.68
285.0  421.35
286.0  425.02
287.0  428.69
288.0  432.36
289.0  436.03
290.0  439.70
291.0  443.37
292.0  447.04
293.0  450.71
294.0  454.38
295.0  458.05
296.0  461.72
297.0  465.39
298.0  469.06
299.0  472.73
300.0  476.40
301.0  480.07
302.0  483.74
303.0  487.41
304.0  491.08
305.0  494.75
306.0  498.42
307.0  502.09
308.0  505.76
309.0  509.43
310.0  513.10
311.0  516.77
312.0  520.44
313.0  524.11
314.0  527.78
315.0  531.45
316.0  535.12
317.0  538.79
318.0  542.46
319.0  546.13
320.0  549.80
321.0  553.47
322.0  557.14
323.0  560.81
324.0  564.48
325.0  568.15
326.0  571.82
327.0  575.49
328.0  579.16
329.0  582.83
330.0  586.50
331.0  590.17
332.0  593.84
333.0  597.51
334.0  601.18
335.0  604.85
336.0  608.52
337.0  612.19
338.0  615.86
339.0  619.53
340.0  623.20
341.0  626.87
342.0  630.54
343.0  634.21
344.0  637.88
345.0  641.55
346.0  645.22
347.0  648.89
348.0  652.56
349.0  656.23
350.0  659.90
351.0  663.57
352.0  667.24
353.0  670.91
354.0  674.58
355.0  678.25
356.0  681.92
357.0  685.59
358.0  689.26
359.0  692.93
360.0  696.60
361.0  700.27
362.0  703.94
363.0  707.61
364.0  711.28
365.0  714.95
366.0  718.62
367.0  722.29
368.0  725.96
369.0  729.63
370.0  733.30
371.0  736.97
372.0  740.64
373.0  744.31
