мороженое сливочное
0.560
213.0    0.00
214.0    2.18
215.0    4.37
216.0    6.55
217.0    8.75
218.0   10.95
219.0   13.15
220.0   15.37
221.0   17.58
222.0   19.81
223.0   22.04
224.0   24.28
225.0   26.52
226.0   28.78
227.0   31.04
228.0   33.32
229.0   35.60
230.0   37.90
231.0   40.20
232.0   42.52
233.0   44.85
234.0   47.20
235.0   49.56
236.0   51.94
237.0   54.34
238.0   56.76
239.0   59.20
240.0   61.66
241.0   64.15
242.0   66.67
243.0   69.22
244.0   71.80
245.0   74.42
246.0   77.08
247.0   79.80
248.0   82.56
249.0   85.38
250.0   88.28
251.0   91.24
252.0   94.30
253.0   97.46
254.0  100.73
255.0  104.14
256.0  107.71
257.0  111.47
258.0  115.46
259.0  119.73
260.0  124.33
261.0  129.37
262.0  134.95
263.0  141.23
264.0  148.46
265.0  156.98
266.0  167.35
267.0  180.50
268.0  198.09
269.0  223.46
270.0  264.38
270.5  296.53
272.0  301.39
273.0  304.64
274.0  307.89
275.0  311.14
276.0  314.40
277.0  317.67
278.0  320.95
279.0  324.23
280.0  327.53
281.0  330.85
282.0  334.18
283.0  337.53
284.0  340.91
285.0  344.31
286.0  347.73
287.0  351.18
288.0  354.65
289.0  358.13
290.0  361.60
291.0  365.02
292.0  368.42
293.0  371.77
294.0  375.08
295.0  378.39
296.0  381.70
297.0  385.01
298.0  388.32
299.0  391.63
300.0  394.94
301.0  398.24
302.0  401.54
303.0  404.84
304.0  408.15
305.0  411.46
306.0  414.77
307.0  418.08
308.0  421.38
309.0  424.63
310.0  427.82
311.0  431.01
312.0  434.19
313.0  437.38
314.0  440.57
315.0  443.76
316.0  446.95
317.0  450.14
318.0  453.33
319.0  456.52
320.0  459.71
321.0  462.90
322.0  466.09
323.0  469.28
324.0  472.47
325.0  475.66
326.0  478.86
327.0  482.06
328.0  485.26
329.0  488.46
330.0  491.66
331.0  494.86
332.0  498.06
333.0  501.24
334.0  504.42
335.0  507.59
336.0  510.76
337.0  513.92
338.0  517.08
339.0  520.24
340.0  523.40
341.0  526.57
342.0  529.74
343.0  532.91
344.0  535.89
345.0  538.89
346.0  541.89
347.0  544.89
348.0  547.89
349.0  550.89
350.0  553.89
351.0  556.89
352.0  559.89
353.0  562.89
354.0  565.89
355.0  568.89
356.0  571.89
357.0  574.89
358.0  577.89
359.0  580.89
360.0  583.89
361.0  586.89
362.0  589.89
363.0  592.89
364.0  595.89
365.0  598.89
366.0  601.89
367.0  604.89
368.0  607.89
369.0  610.89
370.0  613.89
371.0  616.89
372.0  619.89
373.0  622.89
