мороженое плодово-ягодное
0.600
213.0    0.00
214.0    1.76
215.0    3.52
216.0    5.30
217.0    7.08
218.0    8.87
219.0   10.67
220.0   12.48
221.0   14.30
222.0   16.13
223.0   17.98
224.0   19.83
225.0   21.70
226.0   23.58
227.0   25.48
228.0   27.39
229.0   29.32
230.0   31.27
231.0   33.24
232.0   35.22
233.0   37.23
234.0   39.27
235.0   41.33
236.0   43.41
237.0   45.53
238.0   47.68
239.0   49.87
240.0   52.09
241.0   54.36
242.0   56.67
243.0   59.03
244.0   61.45
245.0   63.93
246.0   66.48
247.0   69.11
248.0   71.83
249.0   74.64
250.0   77.56
251.0   80.60
252.0   83.79
253.0   87.13
254.0   90.67
255.0   94.43
256.0   98.44
257.0  102.76
258.0  107.45
259.0  112.58
260.0  118.27
261.0  124.63
262.0  131.87
263.0  140.24
264.0  150.11
265.0  162.06
266.0  176.96
267.0  196.28
268.0  222.69
269.0  261.49
269.3  277.04
271.0  282.30
272.0  285.39
273.0  288.49
274.0  291.58
275.0  294.68
276.0  297.77
277.0  300.87
278.0  303.96
279.0  307.06
280.0  310.15
281.0  313.25
282.0  316.34
283.0  319.44
284.0  322.53
285.0  325.63
286.0  328.72
287.0  331.82
288.0  334.91
289.0  338.01
290.0  341.10
291.0  344.20
292.0  347.29
293.0  350.39
294.0  353.48
295.0  356.58
296.0  359.67
297.0  362.77
298.0  365.86
299.0  368.96
300.0  372.05
301.0  375.15
302.0  378.24
303.0  381.34
304.0  384.43
305.0  387.53
306.0  390.62
307.0  393.72
308.0  396.81
309.0  399.91
310.0  403.00
311.0  406.10
312.0  409.19
313.0  412.29
314.0  415.38
315.0  418.48
316.0  421.57
317.0  424.67
318.0  427.76
319.0  430.86
320.0  433.95
321.0  437.05
322.0  440.14
323.0  443.24
324.0  446.33
325.0  449.43
326.0  452.52
327.0  455.62
328.0  458.71
329.0  461.81
330.0  464.90
331.0  468.00
332.0  471.09
333.0  474.19
334.0  477.28
335.0  480.38
336.0  483.47
337.0  486.57
338.0  489.66
339.0  492.76
340.0  495.85
341.0  498.95
342.0  502.04
343.0  505.14
344.0  508.23
345.0  511.33
346.0  514.42
347.0  517.52
348.0  520.61
349.0  523.71
350.0  526.80
351.0  529.90
352.0  532.99
353.0  536.09
354.0  539.18
355.0  542.28
356.0  545.37
357.0  548.47
358.0  551.56
359.0  554.66
360.0  557.75
361.0  560.85
362.0  563.94
363.0  567.04
364.0  570.13
365.0  573.23
366.0  576.32
367.0  579.42
368.0  582.51
369.0  585.61
370.0  588.70
371.0  591.80
372.0  594.89
373.0  597.99
