морковь
0.830
213.0    0.00
214.0    2.16
215.0    4.33
216.0    6.50
217.0    8.67
218.0   10.85
219.0   13.04
220.0   15.23
221.0   17.43
222.0   19.63
223.0   21.84
224.0   24.06
225.0   26.28
226.0   28.52
227.0   30.75
228.0   33.00
229.0   35.26
230.0   37.52
231.0   39.80
232.0   42.08
233.0   44.38
234.0   46.68
235.0   49.00
236.0   51.34
237.0   53.68
238.0   56.04
239.0   58.42
240.0   60.81
241.0   63.23
242.0   65.66
243.0   68.11
244.0   70.59
245.0   73.09
246.0   75.63
247.0   78.19
248.0   80.78
249.0   83.42
250.0   86.09
251.0   88.81
252.0   91.58
253.0   94.42
254.0   97.31
255.0  100.29
256.0  103.35
257.0  106.52
258.0  109.81
259.0  113.24
260.0  116.85
261.0  120.67
262.0  124.76
263.0  129.20
264.0  134.10
265.0  139.62
266.0  146.02
267.0  153.78
268.0  163.74
269.0  177.81
270.0  201.21
271.0  256.77
271.6  378.87
273.0  384.09
274.0  387.82
275.0  391.54
276.0  395.27
277.0  399.00
278.0  402.73
279.0  406.46
280.0  410.18
281.0  413.91
282.0  417.64
283.0  421.37
284.0  425.10
285.0  428.82
286.0  432.55
287.0  436.28
288.0  440.01
289.0  443.74
290.0  447.46
291.0  451.19
292.0  454.92
293.0  458.65
294.0  462.38
295.0  466.10
296.0  469.83
297.0  473.56
298.0  477.29
299.0  481.02
300.0  484.74
301.0  488.47
302.0  492.20
303.0  495.93
304.0  499.66
305.0  503.38
306.0  507.11
307.0  510.84
308.0  514.57
309.0  518.30
310.0  522.02
311.0  525.75
312.0  529.48
313.0  533.21
314.0  536.94
315.0  540.66
316.0  544.39
317.0  548.12
318.0  551.85
319.0  555.58
320.0  559.30
321.0  563.03
322.0  566.76
323.0  570.49
324.0  574.22
325.0  577.94
326.0  581.67
327.0  585.40
328.0  589.13
329.0  592.86
330.0  596.58
331.0  600.31
332.0  604.04
333.0  607.77
334.0  611.50
335.0  615.22
336.0  618.95
337.0  622.68
338.0  626.41
339.0  630.14
340.0  633.86
341.0  637.59
342.0  641.32
343.0  645.05
344.0  648.78
345.0  652.50
346.0  656.23
347.0  659.96
348.0  663.69
349.0  667.42
350.0  671.14
351.0  674.87
352.0  678.60
353.0  682.33
354.0  686.06
355.0  689.78
356.0  693.51
357.0  697.24
358.0  700.97
359.0  704.70
360.0  708.42
361.0  712.15
362.0  715.88
363.0  719.61
364.0  723.34
365.0  727.06
366.0  730.79
367.0  734.52
368.0  738.25
369.0  741.98
370.0  745.70
371.0  749.43
372.0  753.16
373.0  756.89
