огурцы
0.950
213.0    0.00
214.0    2.26
215.0    4.53
216.0    6.80
217.0    9.08
218.0   11.36
219.0   13.65
220.0   15.95
221.0   18.25
222.0   20.56
223.0   22.88
224.0   25.20
225.0   27.53
226.0   29.87
227.0   32.22
228.0   34.58
229.0   36.94
230.0   39.32
231.0   41.71
232.0   44.10
233.0   46.51
234.0   48.94
235.0   51.37
236.0   53.82
237.0   56.29
238.0   58.77
239.0   61.27
240.0   63.78
241.0   66.32
242.0   68.88
243.0   71.46
244.0   74.07
245.0   76.70
246.0   79.36
247.0   82.06
248.0   84.79
249.0   87.56
250.0   90.37
251.0   93.24
252.0   96.15
253.0   99.13
254.0  102.17
255.0  105.30
256.0  108.51
257.0  111.82
258.0  115.26
259.0  118.84
260.0  122.58
261.0  126.54
262.0  130.75
263.0  135.27
264.0  140.20
265.0  145.68
266.0  151.89
267.0  159.17
268.0  168.07
269.0  179.66
270.0  196.32
271.0  224.84
272.0  297.15
272.5  425.15
274.0  431.23
275.0  435.28
276.0  439.34
277.0  443.39
278.0  447.44
279.0  451.49
280.0  455.55
281.0  459.60
282.0  463.65
283.0  467.71
284.0  471.76
285.0  475.81
286.0  479.87
287.0  483.92
288.0  487.97
289.0  492.02
290.0  496.08
291.0  500.13
292.0  504.18
293.0  508.24
294.0  512.29
295.0  516.34
296.0  520.40
297.0  524.45
298.0  528.50
299.0  532.55
300.0  536.61
301.0  540.66
302.0  544.71
303.0  548.77
304.0  552.82
305.0  556.87
306.0  560.93
307.0  564.98
308.0  569.03
309.0  573.08
310.0  577.14
311.0  581.19
312.0  585.24
313.0  589.30
314.0  593.35
315.0  597.40
316.0  601.46
317.0  605.51
318.0  609.56
319.0  613.61
320.0  617.67
321.0  621.72
322.0  625.77
323.0  629.83
324.0  633.88
325.0  637.93
326.0  641.99
327.0  646.04
328.0  650.09
329.0  654.14
330.0  658.20
331.0  662.25
332.0  666.30
333.0  670.36
334.0  674.41
335.0  678.46
336.0  682.52
337.0  686.57
338.0  690.62
339.0  694.67
340.0  698.73
341.0  702.78
342.0  706.83
343.0  710.89
344.0  714.94
345.0  718.99
346.0  723.05
347.0  727.10
348.0  731.15
349.0  735.20
350.0  739.26
351.0  743.31
352.0  747.36
353.0  751.42
354.0  755.47
355.0  759.52
356.0  763.58
357.0  767.63
358.0  771.68
359.0  775.73
360.0  779.79
361.0  783.84
362.0  787.89
363.0  791.95
364.0  796.00
365.0  800.05
366.0  804.11
367.0  808.16
368.0  812.21
369.0  816.26
370.0  820.32
371.0  824.37
372.0  828.42
373.0  832.48
