печень говяжья
0.680
213.0    0.00
214.0    2.22
215.0    4.45
216.0    6.68
217.0    8.91
218.0   11.15
219.0   13.39
220.0   15.64
221.0   17.89
222.0   20.14
223.0   22.40
224.0   24.67
225.0   26.94
226.0   29.22
227.0   31.51
228.0   33.80
229.0   36.10
230.0   38.40
231.0   40.71
232.0   43.04
233.0   45.37
234.0   47.71
235.0   50.05
236.0   52.41
237.0   54.78
238.0   57.17
239.0   59.56
240.0   61.97
241.0   64.39
242.0   66.83
243.0   69.29
244.0   71.76
245.0   74.26
246.0   76.77
247.0   79.31
248.0   81.88
249.0   84.48
250.0   87.10
251.0   89.77
252.0   92.47
253.0   95.22
254.0   98.02
255.0  100.88
256.0  103.80
257.0  106.81
258.0  109.90
259.0  113.10
260.0  116.43
261.0  119.91
262.0  123.59
263.0  127.52
264.0  131.76
265.0  136.43
266.0  141.68
267.0  147.79
268.0  155.23
269.0  164.97
270.0  179.25
271.0  205.25
272.0  287.96
272.2  339.32
274.0  345.76
275.0  349.34
276.0  352.92
277.0  356.49
278.0  360.07
279.0  363.65
280.0  367.23
281.0  370.81
282.0  374.38
283.0  377.96
284.0  381.54
285.0  385.12
286.0  388.70
287.0  392.27
288.0  395.85
289.0  399.43
290.0  403.01
291.0  406.59
292.0  410.16
293.0  413.74
294.0  417.32
295.0  420.90
296.0  424.48
297.0  428.05
298.0  431.63
299.0  435.21
300.0  438.79
301.0  442.37
302.0  445.94
303.0  449.52
304.0  453.10
305.0  456.68
306.0  460.26
307.0  463.83
308.0  467.41
309.0  470.99
310.0  474.57
311.0  478.15
312.0  481.72
313.0  485.30
314.0  488.88
315.0  492.46
316.0  496.04
317.0  499.61
318.0  503.19
319.0  506.77
320.0  510.35
321.0  513.93
322.0  517.50
323.0  521.08
324.0  524.66
325.0  528.24
326.0  531.82
327.0  535.39
328.0  538.97
329.0  542.55
330.0  546.13
331.0  549.71
332.0  553.28
333.0  556.86
334.0  560.44
335.0  564.02
336.0  567.60
337.0  571.17
338.0  574.75
339.0  578.33
340.0  581.91
341.0  585.49
342.0  589.06
343.0  592.64
344.0  596.22
345.0  599.80
346.0  603.38
347.0  606.95
348.0  610.53
349.0  614.11
350.0  617.69
351.0  621.27
352.0  624.84
353.0  628.42
354.0  632.00
355.0  635.58
356.0  639.16
357.0  642.73
358.0  646.31
359.0  649.89
360.0  653.47
361.0  657.05
362.0  660.62
363.0  664.20
364.0  667.78
365.0  671.36
366.0  674.94
367.0  678.51
368.0  682.09
369.0  685.67
370.0  689.25
371.0  692.83
372.0  696.40
373.0  699.98
