пиво светлое
0.926
213.0    0.00
214.0    2.17
215.0    4.34
216.0    6.51
217.0    8.70
218.0   10.88
219.0   13.07
220.0   15.27
221.0   17.48
222.0   19.69
223.0   21.90
224.0   24.13
225.0   26.36
226.0   28.60
227.0   30.86
228.0   33.12
229.0   35.39
230.0   37.67
231.0   39.96
232.0   42.26
233.0   44.58
234.0   46.92
235.0   49.27
236.0   51.63
237.0   54.02
238.0   56.42
239.0   58.85
240.0   61.30
241.0   63.77
242.0   66.28
243.0   68.81
244.0   71.38
245.0   73.99
246.0   76.64
247.0   79.33
248.0   82.08
249.0   84.89
250.0   87.77
251.0   90.72
252.0   93.76
253.0   96.90
254.0  100.16
255.0  103.55
256.0  107.10
257.0  110.84
258.0  114.81
259.0  119.06
260.0  123.64
261.0  128.65
262.0  134.20
263.0  140.45
264.0  147.63
265.0  156.11
266.0  166.42
267.0  179.49
268.0  196.97
269.0  222.17
270.0  262.81
271.0  342.05
271.5  420.26
273.0  426.28
274.0  430.29
275.0  434.30
276.0  438.31
277.0  442.32
278.0  446.34
279.0  450.35
280.0  454.36
281.0  458.37
282.0  462.38
283.0  466.39
284.0  470.40
285.0  474.41
286.0  478.42
287.0  482.43
288.0  486.45
289.0  490.46
290.0  494.47
291.0  498.48
292.0  502.49
293.0  506.50
294.0  510.51
295.0  514.52
296.0  518.53
297.0  522.54
298.0  526.56
299.0  530.57
300.0  534.58
301.0  538.59
302.0  542.60
303.0  546.61
304.0  550.62
305.0  554.63
306.0  558.64
307.0  562.65
308.0  566.67
309.0  570.68
310.0  574.69
311.0  578.70
312.0  582.71
313.0  586.72
314.0  590.73
315.0  594.74
316.0  598.75
317.0  602.76
318.0  606.78
319.0  610.79
320.0  614.80
321.0  618.81
322.0  622.82
323.0  626.83
324.0  630.84
325.0  634.85
326.0  638.86
327.0  642.87
328.0  646.89
329.0  650.90
330.0  654.91
331.0  658.92
332.0  662.93
333.0  666.94
334.0  670.95
335.0  674.96
336.0  678.97
337.0  682.98
338.0  687.00
339.0  691.01
340.0  695.02
341.0  699.03
342.0  703.04
343.0  707.05
344.0  711.06
345.0  715.07
346.0  719.08
347.0  723.09
348.0  727.11
349.0  731.12
350.0  735.13
351.0  739.14
352.0  743.15
353.0  747.16
354.0  751.17
355.0  755.18
356.0  759.19
357.0  763.20
358.0  767.22
359.0  771.23
360.0  775.24
361.0  779.25
362.0  783.26
363.0  787.27
364.0  791.28
365.0  795.29
366.0  799.30
367.0  803.31
368.0  807.33
369.0  811.34
370.0  815.35
371.0  819.36
372.0  823.37
373.0  827.38
