помидоры
0.940
213.0    0.00
214.0    2.23
215.0    4.47
216.0    6.71
217.0    8.96
218.0   11.22
219.0   13.48
220.0   15.74
221.0   18.01
222.0   20.29
223.0   22.58
224.0   24.87
225.0   27.18
226.0   29.48
227.0   31.80
228.0   34.13
229.0   36.47
230.0   38.81
231.0   41.17
232.0   43.54
233.0   45.92
234.0   48.31
235.0   50.72
236.0   53.14
237.0   55.57
238.0   58.02
239.0   60.49
240.0   62.98
241.0   65.48
242.0   68.01
243.0   70.56
244.0   73.14
245.0   75.74
246.0   78.37
247.0   81.04
248.0   83.74
249.0   86.48
250.0   89.26
251.0   92.10
252.0   94.98
253.0   97.93
254.0  100.94
255.0  104.04
256.0  107.22
257.0  110.51
258.0  113.91
259.0  117.47
260.0  121.19
261.0  125.12
262.0  129.31
263.0  133.81
264.0  138.74
265.0  144.22
266.0  150.45
267.0  157.78
268.0  166.79
269.0  178.61
270.0  195.83
271.0  226.06
272.0  308.18
272.4  420.03
274.0  426.50
275.0  430.54
276.0  434.58
277.0  438.62
278.0  442.67
279.0  446.71
280.0  450.75
281.0  454.79
282.0  458.83
283.0  462.88
284.0  466.92
285.0  470.96
286.0  475.00
287.0  479.04
288.0  483.09
289.0  487.13
290.0  491.17
291.0  495.21
292.0  499.25
293.0  503.30
294.0  507.34
295.0  511.38
296.0  515.42
297.0  519.46
298.0  523.51
299.0  527.55
300.0  531.59
301.0  535.63
302.0  539.67
303.0  543.72
304.0  547.76
305.0  551.80
306.0  555.84
307.0  559.88
308.0  563.93
309.0  567.97
310.0  572.01
311.0  576.05
312.0  580.09
313.0  584.14
314.0  588.18
315.0  592.22
316.0  596.26
317.0  600.30
318.0  604.35
319.0  608.39
320.0  612.43
321.0  616.47
322.0  620.51
323.0  624.56
324.0  628.60
325.0  632.64
326.0  636.68
327.0  640.72
328.0  644.77
329.0  648.81
330.0  652.85
331.0  656.89
332.0  660.93
333.0  664.98
334.0  669.02
335.0  673.06
336.0  677.10
337.0  681.14
338.0  685.19
339.0  689.23
340.0  693.27
341.0  697.31
342.0  701.35
343.0  705.40
344.0  709.44
345.0  713.48
346.0  717.52
347.0  721.56
348.0  725.61
349.0  729.65
350.0  733.69
351.0  737.73
352.0  741.77
353.0  745.82
354.0  749.86
355.0  753.90
356.0  757.94
357.0  761.98
358.0  766.03
359.0  770.07
360.0  774.11
361.0  778.15
362.0  782.19
363.0  786.24
364.0  790.28
365.0  794.32
366.0  798.36
367.0  802.40
368.0  806.45
369.0  810.49
370.0  814.53
371.0  818.57
372.0  822.61
373.0  826.66
