простокваша 2,5% жирности
0.930
213.0    0.00
214.0    2.04
215.0    4.09
216.0    6.15
217.0    8.21
218.0   10.28
219.0   12.35
220.0   14.43
221.0   16.52
222.0   18.61
223.0   20.71
224.0   22.82
225.0   24.93
226.0   27.05
227.0   29.19
228.0   31.33
229.0   33.48
230.0   35.64
231.0   37.81
232.0   40.00
233.0   42.20
234.0   44.40
235.0   46.63
236.0   48.86
237.0   51.12
238.0   53.39
239.0   55.67
240.0   57.98
241.0   60.31
242.0   62.65
243.0   65.03
244.0   67.42
245.0   69.85
246.0   72.31
247.0   74.80
248.0   77.33
249.0   79.89
250.0   82.51
251.0   85.17
252.0   87.89
253.0   90.68
254.0   93.53
255.0   96.47
256.0   99.50
257.0  102.64
258.0  105.92
259.0  109.34
260.0  112.95
261.0  116.78
262.0  120.88
263.0  125.35
264.0  130.27
265.0  135.80
266.0  142.21
267.0  149.88
268.0  159.57
269.0  172.81
270.0  193.36
271.0  234.31
272.0  404.99
273.0  408.99
274.0  412.89
275.0  416.89
276.0  420.89
277.0  424.79
278.0  428.79
279.0  432.69
280.0  436.69
281.0  440.59
282.0  444.49
283.0  448.49
284.0  452.49
285.0  456.39
286.0  460.39
287.0  464.29
288.0  468.29
289.0  472.29
290.0  476.29
291.0  480.29
292.0  484.29
293.0  488.19
294.0  492.19
295.0  496.09
296.0  500.09
297.0  503.99
298.0  507.99
299.0  511.89
300.0  515.79
301.0  519.79
302.0  523.69
303.0  527.69
304.0  531.59
305.0  535.59
306.0  539.49
307.0  543.49
308.0  547.39
309.0  551.39
310.0  555.29
311.0  559.29
312.0  563.19
313.0  567.19
314.0  571.09
315.0  574.99
316.0  578.99
317.0  582.89
318.0  586.89
319.0  590.79
320.0  594.79
321.0  598.79
322.0  602.69
323.0  606.69
324.0  610.69
325.0  614.59
326.0  618.59
327.0  622.59
328.0  626.59
329.0  630.59
330.0  634.59
331.0  638.59
332.0  642.59
333.0  646.59
334.0  650.59
335.0  654.59
336.0  658.69
337.0  662.69
338.0  666.69
339.0  670.79
340.0  674.79
341.0  678.89
342.0  682.99
343.0  686.99
344.0  691.09
345.0  695.19
346.0  699.29
347.0  703.39
348.0  707.49
349.0  711.59
350.0  715.79
351.0  719.89
352.0  723.99
353.0  728.19
354.0  732.29
355.0  736.49
356.0  740.69
357.0  744.79
358.0  748.99
359.0  753.19
360.0  757.39
361.0  761.69
362.0  765.89
363.0  770.09
364.0  774.39
365.0  778.59
366.0  782.89
367.0  787.19
368.0  791.39
369.0  795.69
370.0  799.99
371.0  804.29
372.0  808.69
373.0  812.99
