ракообразные
0.750
213.0    0.00
214.0    2.09
215.0    4.19
216.0    6.29
217.0    8.40
218.0   10.51
219.0   12.63
220.0   14.75
221.0   16.88
222.0   19.01
223.0   21.15
224.0   23.29
225.0   25.45
226.0   27.60
227.0   29.77
228.0   31.94
229.0   34.12
230.0   36.31
231.0   38.51
232.0   40.72
233.0   42.94
234.0   45.17
235.0   47.41
236.0   49.66
237.0   51.93
238.0   54.21
239.0   56.50
240.0   58.81
241.0   61.14
242.0   63.49
243.0   65.85
244.0   68.24
245.0   70.66
246.0   73.10
247.0   75.57
248.0   78.07
249.0   80.61
250.0   83.19
251.0   85.81
252.0   88.48
253.0   91.21
254.0   94.01
255.0   96.88
256.0   99.84
257.0  102.89
258.0  106.08
259.0  109.40
260.0  112.91
261.0  116.64
262.0  120.64
263.0  125.02
264.0  129.89
265.0  135.44
266.0  142.02
267.0  150.21
268.0  161.23
269.0  178.10
270.0  211.30
271.0  348.36
272.0  351.87
273.0  355.38
274.0  358.89
275.0  362.41
276.0  365.92
277.0  369.43
278.0  372.94
279.0  376.45
280.0  379.97
281.0  383.48
282.0  386.99
283.0  390.50
284.0  394.01
285.0  397.53
286.0  401.04
287.0  404.55
288.0  408.06
289.0  411.57
290.0  415.09
291.0  418.60
292.0  422.11
293.0  425.62
294.0  429.13
295.0  432.65
296.0  436.16
297.0  439.67
298.0  443.18
299.0  446.69
300.0  450.21
301.0  453.72
302.0  457.23
303.0  460.74
304.0  464.25
305.0  467.77
306.0  471.28
307.0  474.79
308.0  478.30
309.0  481.81
310.0  485.33
311.0  488.84
312.0  492.35
313.0  495.86
314.0  499.37
315.0  502.89
316.0  506.40
317.0  509.91
318.0  513.42
319.0  516.93
320.0  520.45
321.0  523.96
322.0  527.47
323.0  530.98
324.0  534.49
325.0  538.01
326.0  541.52
327.0  545.03
328.0  548.54
329.0  552.05
330.0  555.57
331.0  559.08
332.0  562.59
333.0  566.10
334.0  569.61
335.0  573.13
336.0  576.64
337.0  580.15
338.0  583.66
339.0  587.17
340.0  590.69
341.0  594.20
342.0  597.71
343.0  601.22
344.0  604.73
345.0  608.25
346.0  611.76
347.0  615.27
348.0  618.78
349.0  622.29
350.0  625.81
351.0  629.32
352.0  632.83
353.0  636.34
354.0  639.85
355.0  643.37
356.0  646.88
357.0  650.39
358.0  653.90
359.0  657.41
360.0  660.93
361.0  664.44
362.0  667.95
363.0  671.46
364.0  674.97
365.0  678.49
366.0  682.00
367.0  685.51
368.0  689.02
369.0  692.53
370.0  696.05
371.0  699.56
372.0  703.07
373.0  706.58
