рыбое филе
0.805
213.0    0.00
214.0    2.09
215.0    4.19
216.0    6.29
217.0    8.39
218.0   10.50
219.0   12.61
220.0   14.73
221.0   16.86
222.0   18.99
223.0   21.13
224.0   23.27
225.0   25.42
226.0   27.58
227.0   29.74
228.0   31.92
229.0   34.10
230.0   36.29
231.0   38.48
232.0   40.69
233.0   42.91
234.0   45.14
235.0   47.38
236.0   49.63
237.0   51.90
238.0   54.18
239.0   56.47
240.0   58.79
241.0   61.11
242.0   63.46
243.0   65.83
244.0   68.22
245.0   70.63
246.0   73.07
247.0   75.53
248.0   78.03
249.0   80.56
250.0   83.13
251.0   85.74
252.0   88.40
253.0   91.12
254.0   93.89
255.0   96.73
256.0   99.65
257.0  102.66
258.0  105.78
259.0  109.03
260.0  112.43
261.0  116.01
262.0  119.82
263.0  123.93
264.0  128.40
265.0  133.38
266.0  139.06
267.0  145.75
268.0  154.01
269.0  164.99
270.0  181.35
271.0  211.57
272.0  308.93
272.2  369.61
274.0  376.19
275.0  379.85
276.0  383.50
277.0  387.16
278.0  390.81
279.0  394.47
280.0  398.12
281.0  401.78
282.0  405.43
283.0  409.09
284.0  412.74
285.0  416.40
286.0  420.05
287.0  423.71
288.0  427.36
289.0  431.02
290.0  434.67
291.0  438.33
292.0  441.98
293.0  445.64
294.0  449.29
295.0  452.95
296.0  456.60
297.0  460.26
298.0  463.91
299.0  467.57
300.0  471.22
301.0  474.88
302.0  478.53
303.0  482.19
304.0  485.84
305.0  489.50
306.0  493.15
307.0  496.81
308.0  500.46
309.0  504.12
310.0  507.77
311.0  511.43
312.0  515.08
313.0  518.74
314.0  522.39
315.0  526.05
316.0  529.70
317.0  533.36
318.0  537.01
319.0  540.67
320.0  544.32
321.0  547.98
322.0  551.63
323.0  555.29
324.0  558.94
325.0  562.60
326.0  566.25
327.0  569.91
328.0  573.56
329.0  577.22
330.0  580.87
331.0  584.53
332.0  588.18
333.0  591.84
334.0  595.49
335.0  599.15
336.0  602.80
337.0  606.46
338.0  610.11
339.0  613.77
340.0  617.42
341.0  621.08
342.0  624.73
343.0  628.39
344.0  632.04
345.0  635.70
346.0  639.35
347.0  643.01
348.0  646.66
349.0  650.32
350.0  653.97
351.0  657.63
352.0  661.28
353.0  664.94
354.0  668.59
355.0  672.25
356.0  675.90
357.0  679.56
358.0  683.21
359.0  686.87
360.0  690.52
361.0  694.18
362.0  697.83
363.0  701.49
364.0  705.14
365.0  708.80
366.0  712.45
367.0  716.11
368.0  719.76
369.0  723.42
370.0  727.07
371.0  730.73
372.0  734.38
373.0  738.04
