ρελόδεπει
0.920
213.0    0.00
214.0    2.24
215.0    4.48
216.0    6.73
217.0    8.98
218.0   11.24
219.0   13.50
220.0   15.77
221.0   18.05
222.0   20.34
223.0   22.63
224.0   24.92
225.0   27.23
226.0   29.54
227.0   31.87
228.0   34.20
229.0   36.54
230.0   38.89
231.0   41.25
232.0   43.62
233.0   46.01
234.0   48.40
235.0   50.81
236.0   53.24
237.0   55.68
238.0   58.13
239.0   60.61
240.0   63.10
241.0   65.61
242.0   68.14
243.0   70.70
244.0   73.28
245.0   75.89
246.0   78.53
247.0   81.20
248.0   83.91
249.0   86.66
250.0   89.46
251.0   92.30
252.0   95.20
253.0   98.16
254.0  101.20
255.0  104.31
256.0  107.52
257.0  110.84
258.0  114.29
259.0  117.89
260.0  121.67
261.0  125.68
262.0  129.96
263.0  134.61
264.0  139.71
265.0  145.45
266.0  152.06
267.0  159.99
268.0  170.01
269.0  183.75
270.0  205.36
271.0  249.94
271.9  411.95
273.0  416.32
274.0  420.29
275.0  424.27
276.0  428.24
277.0  432.21
278.0  436.18
279.0  440.16
280.0  444.13
281.0  448.10
282.0  452.08
283.0  456.05
284.0  460.02
285.0  464.00
286.0  467.97
287.0  471.94
288.0  475.91
289.0  479.89
290.0  483.86
291.0  487.83
292.0  491.81
293.0  495.78
294.0  499.75
295.0  503.73
296.0  507.70
297.0  511.67
298.0  515.64
299.0  519.62
300.0  523.59
301.0  527.56
302.0  531.54
303.0  535.51
304.0  539.48
305.0  543.46
306.0  547.43
307.0  551.40
308.0  555.37
309.0  559.35
310.0  563.32
311.0  567.29
312.0  571.27
313.0  575.24
314.0  579.21
315.0  583.19
316.0  587.16
317.0  591.13
318.0  595.10
319.0  599.08
320.0  603.05
321.0  607.02
322.0  611.00
323.0  614.97
324.0  618.94
325.0  622.92
326.0  626.89
327.0  630.86
328.0  634.83
329.0  638.81
330.0  642.78
331.0  646.75
332.0  650.73
333.0  654.70
334.0  658.67
335.0  662.65
336.0  666.62
337.0  670.59
338.0  674.56
339.0  678.54
340.0  682.51
341.0  686.48
342.0  690.46
343.0  694.43
344.0  698.40
345.0  702.38
346.0  706.35
347.0  710.32
348.0  714.29
349.0  718.27
350.0  722.24
351.0  726.21
352.0  730.19
353.0  734.16
354.0  738.13
355.0  742.11
356.0  746.08
357.0  750.05
358.0  754.02
359.0  758.00
360.0  761.97
361.0  765.94
362.0  769.92
363.0  773.89
364.0  777.86
365.0  781.84
366.0  785.81
367.0  789.78
368.0  793.75
369.0  797.73
370.0  801.70
371.0  805.67
372.0  809.65
373.0  813.62
