сливки сгущенные с сахаром
0.220
213.0    0.00
214.0    1.80
215.0    3.61
216.0    5.41
217.0    7.22
218.0    9.03
219.0   10.84
220.0   12.65
221.0   14.47
222.0   16.28
223.0   18.10
224.0   19.92
225.0   21.75
226.0   23.57
227.0   25.40
228.0   27.23
229.0   29.07
230.0   30.90
231.0   32.74
232.0   34.59
233.0   36.44
234.0   38.29
235.0   40.15
236.0   42.01
237.0   43.88
238.0   45.75
239.0   47.63
240.0   49.52
241.0   51.42
242.0   53.32
243.0   55.24
244.0   57.16
245.0   59.09
246.0   61.04
247.0   63.00
248.0   64.98
249.0   66.97
250.0   68.98
251.0   71.02
252.0   73.08
253.0   75.17
254.0   77.30
255.0   79.46
256.0   81.67
257.0   83.94
258.0   86.27
259.0   88.68
260.0   91.19
261.0   93.83
262.0   96.62
263.0   99.61
264.0  102.87
265.0  106.50
266.0  110.67
267.0  115.62
268.0  121.84
269.0  130.28
270.0  143.14
271.0  167.04
271.2  174.82
273.0  179.32
274.0  181.82
275.0  184.32
276.0  186.72
277.0  189.12
278.0  191.52
279.0  193.82
280.0  196.22
281.0  198.52
282.0  200.92
283.0  203.42
284.0  205.82
285.0  208.32
286.0  210.82
287.0  213.32
288.0  215.92
289.0  218.62
290.0  221.42
291.0  224.42
292.0  227.22
293.0  229.92
294.0  232.52
295.0  235.02
296.0  237.42
297.0  239.82
298.0  242.32
299.0  244.72
300.0  247.22
301.0  249.62
302.0  252.02
303.0  254.52
304.0  257.12
305.0  259.62
306.0  262.12
307.0  264.62
308.0  267.12
309.0  269.52
310.0  271.82
311.0  274.02
312.0  276.42
313.0  278.72
314.0  281.02
315.0  283.32
316.0  285.52
317.0  287.82
318.0  290.02
319.0  292.32
320.0  294.62
321.0  296.92
322.0  299.22
323.0  301.42
324.0  303.72
325.0  306.02
326.0  308.32
327.0  310.52
328.0  312.82
329.0  315.12
330.0  317.42
331.0  319.72
332.0  321.82
333.0  324.32
334.0  326.62
335.0  328.92
336.0  331.22
337.0  333.52
338.0  335.82
339.0  338.22
340.0  340.52
341.0  342.82
342.0  345.12
343.0  347.52
344.0  350.32
345.0  352.22
346.0  354.52
347.0  356.92
348.0  359.22
349.0  361.62
350.0  364.02
351.0  366.32
352.0  368.72
353.0  371.12
354.0  373.52
355.0  375.92
356.0  378.32
357.0  380.72
358.0  383.12
359.0  385.52
360.0  387.92
361.0  389.92
362.0  392.82
363.0  395.22
364.0  397.72
365.0  400.12
366.0  402.62
367.0  405.02
368.0  407.52
369.0  410.02
370.0  412.42
371.0  414.92
372.0  417.42
373.0  419.92
