сок плодово-€годный
0.880
213.0    0.00
214.0    2.21
215.0    4.42
216.0    6.64
217.0    8.86
218.0   11.09
219.0   13.32
220.0   15.57
221.0   17.82
222.0   20.07
223.0   22.33
224.0   24.60
225.0   26.88
226.0   29.17
227.0   31.47
228.0   33.77
229.0   36.09
230.0   38.42
231.0   40.76
232.0   43.11
233.0   45.47
234.0   47.85
235.0   50.24
236.0   52.65
237.0   55.07
238.0   57.52
239.0   59.98
240.0   62.46
241.0   64.97
242.0   67.50
243.0   70.06
244.0   72.64
245.0   75.26
246.0   77.92
247.0   80.61
248.0   83.35
249.0   86.14
250.0   88.98
251.0   91.89
252.0   94.87
253.0   97.92
254.0  101.07
255.0  104.34
256.0  107.73
257.0  111.27
258.0  115.00
259.0  118.96
260.0  123.22
261.0  127.84
262.0  132.96
263.0  138.74
264.0  145.50
265.0  153.73
266.0  164.40
267.0  179.69
268.0  205.75
269.0  271.61
269.5  388.03
271.0  393.83
272.0  397.69
273.0  401.56
274.0  405.42
275.0  409.28
276.0  413.15
277.0  417.01
278.0  420.88
279.0  424.74
280.0  428.60
281.0  432.47
282.0  436.33
283.0  440.20
284.0  444.06
285.0  447.92
286.0  451.79
287.0  455.65
288.0  459.52
289.0  463.38
290.0  467.24
291.0  471.11
292.0  474.97
293.0  478.84
294.0  482.70
295.0  486.56
296.0  490.43
297.0  494.29
298.0  498.16
299.0  502.02
300.0  505.88
301.0  509.75
302.0  513.61
303.0  517.48
304.0  521.34
305.0  525.20
306.0  529.07
307.0  532.93
308.0  536.80
309.0  540.66
310.0  544.52
311.0  548.39
312.0  552.25
313.0  556.12
314.0  559.98
315.0  563.84
316.0  567.71
317.0  571.57
318.0  575.44
319.0  579.30
320.0  583.16
321.0  587.03
322.0  590.89
323.0  594.76
324.0  598.62
325.0  602.48
326.0  606.35
327.0  610.21
328.0  614.08
329.0  617.94
330.0  621.80
331.0  625.67
332.0  629.53
333.0  633.40
334.0  637.26
335.0  641.12
336.0  644.99
337.0  648.85
338.0  652.72
339.0  656.58
340.0  660.44
341.0  664.31
342.0  668.17
343.0  672.04
344.0  675.90
345.0  679.76
346.0  683.63
347.0  687.49
348.0  691.36
349.0  695.22
350.0  699.08
351.0  702.95
352.0  706.81
353.0  710.68
354.0  714.54
355.0  718.40
356.0  722.27
357.0  726.13
358.0  730.00
359.0  733.86
360.0  737.72
361.0  741.59
362.0  745.45
363.0  749.32
364.0  753.18
365.0  757.04
366.0  760.91
367.0  764.77
368.0  768.64
369.0  772.50
370.0  776.36
371.0  780.23
372.0  784.09
373.0  787.96
