сыр голландский
0.355
213.0    0.00
214.0    2.90
215.0    5.80
216.0    8.71
217.0   11.62
218.0   14.53
219.0   17.44
220.0   20.36
221.0   23.28
222.0   26.20
223.0   29.12
224.0   32.05
225.0   34.98
226.0   37.92
227.0   40.86
228.0   43.80
229.0   46.75
230.0   49.71
231.0   52.67
232.0   55.63
233.0   58.60
234.0   61.58
235.0   64.57
236.0   67.56
237.0   70.56
238.0   73.57
239.0   76.59
240.0   79.62
241.0   82.66
242.0   85.72
243.0   88.79
244.0   91.87
245.0   94.97
246.0   98.10
247.0  101.24
248.0  104.41
249.0  107.61
250.0  110.84
251.0  114.12
252.0  117.43
253.0  120.81
254.0  124.24
255.0  127.76
256.0  131.38
257.0  135.13
258.0  139.04
259.0  143.17
260.0  147.62
261.0  152.53
262.0  158.17
263.0  165.11
264.0  174.71
265.0  191.78
266.0  256.42
267.0  259.72
268.0  262.92
269.0  266.32
270.0  269.72
271.0  273.22
272.0  276.92
273.0  280.62
274.0  284.42
275.0  288.22
276.0  291.82
277.0  295.42
278.0  298.82
279.0  302.22
280.0  305.52
281.0  308.92
282.0  312.42
283.0  316.32
284.0  319.82
285.0  323.52
286.0  327.32
287.0  330.82
288.0  334.82
289.0  339.22
290.0  343.92
291.0  348.82
292.0  353.22
293.0  357.72
294.0  361.62
295.0  365.32
296.0  368.82
297.0  372.32
298.0  375.82
299.0  379.52
300.0  382.92
301.0  386.42
302.0  389.82
303.0  393.72
304.0  397.42
305.0  401.12
306.0  404.82
307.0  408.42
308.0  412.12
309.0  415.52
310.0  418.72
311.0  421.82
312.0  424.92
313.0  427.82
314.0  431.12
315.0  434.12
316.0  437.12
317.0  440.12
318.0  443.12
319.0  445.82
320.0  449.02
321.0  452.02
322.0  455.02
323.0  457.92
324.0  460.92
325.0  463.92
326.0  466.82
327.0  469.82
328.0  472.82
329.0  475.82
330.0  478.72
331.0  481.72
332.0  484.72
333.0  487.72
334.0  490.72
335.0  493.62
336.0  496.62
337.0  499.62
338.0  502.62
339.0  505.62
340.0  508.62
341.0  511.72
342.0  514.72
343.0  517.72
344.0  520.72
345.0  523.82
346.0  526.82
347.0  529.82
348.0  532.92
349.0  535.92
350.0  539.02
351.0  542.12
352.0  545.12
353.0  548.22
354.0  551.32
355.0  554.42
356.0  557.52
357.0  560.62
358.0  563.72
359.0  566.82
360.0  569.92
361.0  572.82
362.0  576.32
363.0  579.32
364.0  582.42
365.0  585.62
366.0  588.72
367.0  591.92
368.0  595.12
369.0  598.32
370.0  601.42
371.0  604.62
372.0  607.82
373.0  611.12
