сыр угличский
0.380
213.0    0.00
214.0    2.70
215.0    5.40
216.0    8.11
217.0   10.81
218.0   13.53
219.0   16.24
220.0   18.96
221.0   21.68
222.0   24.40
223.0   27.13
224.0   29.86
225.0   32.60
226.0   35.34
227.0   38.08
228.0   40.83
229.0   43.59
230.0   46.35
231.0   49.12
232.0   51.90
233.0   54.68
234.0   57.47
235.0   60.27
236.0   63.07
237.0   65.89
238.0   68.72
239.0   71.56
240.0   74.41
241.0   77.27
242.0   80.15
243.0   83.05
244.0   85.97
245.0   88.91
246.0   91.87
247.0   94.86
248.0   97.88
249.0  100.94
250.0  104.04
251.0  107.18
252.0  110.39
253.0  113.66
254.0  117.02
255.0  120.48
256.0  124.08
257.0  127.85
258.0  131.85
259.0  136.18
260.0  140.98
261.0  146.52
262.0  153.37
263.0  162.83
264.0  179.33
265.0  234.33
265.1  250.31
267.0  256.41
268.0  259.71
269.0  263.01
270.0  266.41
271.0  270.01
272.0  273.51
273.0  277.01
274.0  281.01
275.0  284.71
276.0  288.31
277.0  291.81
278.0  295.21
279.0  298.51
280.0  301.91
281.0  305.01
282.0  308.71
283.0  312.51
284.0  316.01
285.0  319.61
286.0  323.41
287.0  327.01
288.0  330.91
289.0  335.01
290.0  339.61
291.0  344.31
292.0  348.81
293.0  352.91
294.0  356.81
295.0  360.41
296.0  363.91
297.0  367.41
298.0  371.01
299.0  374.41
300.0  377.81
301.0  381.31
302.0  384.91
303.0  388.51
304.0  392.21
305.0  395.91
306.0  399.51
307.0  403.11
308.0  406.61
309.0  410.01
310.0  413.31
311.0  416.41
312.0  419.51
313.0  422.61
314.0  425.71
315.0  428.71
316.0  431.71
317.0  434.81
318.0  437.81
319.0  440.81
320.0  443.81
321.0  446.81
322.0  449.81
323.0  452.81
324.0  455.81
325.0  458.81
326.0  461.81
327.0  464.81
328.0  467.81
329.0  470.81
330.0  473.81
331.0  476.81
332.0  479.81
333.0  482.81
334.0  485.81
335.0  488.81
336.0  491.91
337.0  494.91
338.0  497.91
339.0  501.01
340.0  504.21
341.0  507.11
342.0  510.11
343.0  513.21
344.0  516.21
345.0  519.31
346.0  522.31
347.0  525.41
348.0  528.51
349.0  531.61
350.0  534.71
351.0  537.81
352.0  540.91
353.0  544.01
354.0  547.11
355.0  550.21
356.0  553.31
357.0  556.51
358.0  559.61
359.0  562.81
360.0  565.91
361.0  569.11
362.0  572.01
363.0  575.41
364.0  578.61
365.0  581.81
366.0  585.01
367.0  588.21
368.0  591.41
369.0  594.61
370.0  597.81
371.0  601.01
372.0  604.31
373.0  607.51
