сыр городской
0.500
213.0    0.00
214.0    2.42
215.0    4.84
216.0    7.26
217.0    9.69
218.0   12.13
219.0   14.57
220.0   17.01
221.0   19.46
222.0   21.92
223.0   24.38
224.0   26.85
225.0   29.33
226.0   31.81
227.0   34.30
228.0   36.80
229.0   39.31
230.0   41.83
231.0   44.36
232.0   46.90
233.0   49.45
234.0   52.02
235.0   54.60
236.0   57.19
237.0   59.81
238.0   62.44
239.0   65.08
240.0   67.75
241.0   70.45
242.0   73.17
243.0   75.91
244.0   78.69
245.0   81.50
246.0   84.35
247.0   87.24
248.0   90.18
249.0   93.17
250.0   96.23
251.0   99.35
252.0  102.55
253.0  105.84
254.0  109.23
255.0  112.75
256.0  116.41
257.0  120.24
258.0  124.27
259.0  128.55
260.0  133.14
261.0  138.11
262.0  143.56
263.0  149.64
264.0  156.57
265.0  164.65
266.0  174.38
267.0  186.60
268.0  202.78
269.0  225.91
270.0  262.92
270.5  291.89
272.0  296.99
273.0  300.39
274.0  303.79
275.0  307.19
276.0  310.49
277.0  313.79
278.0  317.09
279.0  320.39
280.0  323.59
281.0  326.89
282.0  330.19
283.0  333.59
284.0  336.89
285.0  340.29
286.0  343.69
287.0  346.99
288.0  350.49
289.0  353.99
290.0  357.69
291.0  361.39
292.0  364.99
293.0  368.59
294.0  371.99
295.0  375.29
296.0  378.69
297.0  381.79
298.0  385.29
299.0  388.59
300.0  391.89
301.0  395.19
302.0  398.59
303.0  401.89
304.0  405.29
305.0  408.69
306.0  412.09
307.0  415.39
308.0  418.79
309.0  422.09
310.0  425.29
311.0  428.59
312.0  431.79
313.0  434.99
314.0  438.19
315.0  441.29
316.0  444.49
317.0  447.69
318.0  450.89
319.0  454.09
320.0  457.29
321.0  460.49
322.0  463.69
323.0  466.89
324.0  470.09
325.0  473.29
326.0  476.49
327.0  479.69
328.0  482.89
329.0  486.09
330.0  489.29
331.0  492.49
332.0  495.69
333.0  498.99
334.0  502.19
335.0  505.39
336.0  508.69
337.0  511.89
338.0  515.19
339.0  518.39
340.0  521.69
341.0  524.99
342.0  528.19
343.0  531.49
344.0  534.79
345.0  538.09
346.0  541.39
347.0  544.69
348.0  547.79
349.0  551.29
350.0  554.59
351.0  557.89
352.0  561.29
353.0  564.59
354.0  567.89
355.0  571.29
356.0  574.59
357.0  577.79
358.0  581.39
359.0  584.69
360.0  588.09
361.0  591.49
362.0  594.89
363.0  598.29
364.0  601.69
365.0  605.19
366.0  608.59
367.0  611.99
368.0  615.49
369.0  618.89
370.0  622.39
371.0  625.79
372.0  629.29
373.0  632.79
