сыр дружба
0.460
213.0    0.00
214.0    2.34
215.0    4.69
216.0    7.04
217.0    9.40
218.0   11.76
219.0   14.12
220.0   16.49
221.0   18.86
222.0   21.24
223.0   23.63
224.0   26.02
225.0   28.42
226.0   30.83
227.0   33.24
228.0   35.66
229.0   38.09
230.0   40.53
231.0   42.98
232.0   45.44
233.0   47.91
234.0   50.39
235.0   52.89
236.0   55.40
237.0   57.92
238.0   60.46
239.0   63.02
240.0   65.60
241.0   68.21
242.0   70.83
243.0   73.48
244.0   76.16
245.0   78.88
246.0   81.62
247.0   84.41
248.0   87.24
249.0   90.12
250.0   93.06
251.0   96.06
252.0   99.13
253.0  102.29
254.0  105.54
255.0  108.91
256.0  112.40
257.0  116.06
258.0  119.91
259.0  123.98
260.0  128.34
261.0  133.05
262.0  138.21
263.0  143.95
264.0  150.47
265.0  158.06
266.0  167.17
267.0  178.57
268.0  193.63
269.0  215.09
270.0  249.35
270.5  276.07
272.0  281.17
273.0  284.47
274.0  288.17
275.0  291.47
276.0  295.17
277.0  298.47
278.0  301.87
279.0  305.17
280.0  308.37
281.0  311.67
282.0  314.87
283.0  318.57
284.0  321.97
285.0  325.47
286.0  328.97
287.0  332.47
288.0  335.97
289.0  339.77
290.0  343.77
291.0  347.87
292.0  351.87
293.0  355.67
294.0  359.27
295.0  362.67
296.0  366.07
297.0  369.47
298.0  372.87
299.0  376.27
300.0  379.57
301.0  382.97
302.0  386.37
303.0  389.87
304.0  393.37
305.0  396.77
306.0  400.27
307.0  403.67
308.0  407.17
309.0  410.47
310.0  413.67
311.0  416.87
312.0  419.97
313.0  423.17
314.0  426.27
315.0  429.37
316.0  432.47
317.0  435.57
318.0  438.67
319.0  441.77
320.0  444.87
321.0  447.97
322.0  451.07
323.0  454.17
324.0  457.27
325.0  460.37
326.0  463.47
327.0  466.57
328.0  469.67
329.0  472.77
330.0  475.87
331.0  479.07
332.0  482.17
333.0  485.27
334.0  488.37
335.0  491.57
336.0  494.67
337.0  497.77
338.0  500.97
339.0  504.07
340.0  507.27
341.0  510.37
342.0  513.57
343.0  516.77
344.0  519.87
345.0  523.07
346.0  526.27
347.0  529.47
348.0  532.47
349.0  535.87
350.0  539.07
351.0  542.27
352.0  545.47
353.0  548.77
354.0  551.97
355.0  555.17
356.0  558.47
357.0  561.67
358.0  564.97
359.0  568.17
360.0  571.47
361.0  574.77
362.0  578.07
363.0  581.37
364.0  584.67
365.0  587.97
366.0  591.27
367.0  594.57
368.0  597.87
369.0  601.27
370.0  604.57
371.0  607.97
372.0  611.27
373.0  614.67
