творог полужирный 9%
0.750
213.0    0.00
214.0    2.07
215.0    4.13
216.0    6.21
217.0    8.29
218.0   10.37
219.0   12.46
220.0   14.55
221.0   16.65
222.0   18.75
223.0   20.86
224.0   22.97
225.0   25.09
226.0   27.22
227.0   29.36
228.0   31.50
229.0   33.65
230.0   35.80
231.0   37.97
232.0   40.15
233.0   42.33
234.0   44.52
235.0   46.73
236.0   48.95
237.0   51.18
238.0   53.42
239.0   55.67
240.0   57.94
241.0   60.23
242.0   62.53
243.0   64.86
244.0   67.20
245.0   69.56
246.0   71.95
247.0   74.36
248.0   76.80
249.0   79.28
250.0   81.79
251.0   84.33
252.0   86.92
253.0   89.56
254.0   92.25
255.0   95.01
256.0   97.83
257.0  100.74
258.0  103.75
259.0  106.86
260.0  110.12
261.0  113.53
262.0  117.15
263.0  121.02
264.0  125.21
265.0  129.83
266.0  135.04
267.0  141.09
268.0  148.43
269.0  157.89
270.0  171.37
271.0  194.22
272.0  251.66
272.5  352.99
274.0  358.39
275.0  362.09
276.0  365.69
277.0  369.39
278.0  372.99
279.0  376.59
280.0  380.09
281.0  383.69
282.0  387.29
283.0  390.99
284.0  394.59
285.0  398.29
286.0  401.89
287.0  405.59
288.0  409.29
289.0  412.99
290.0  416.79
291.0  420.69
292.0  424.49
293.0  428.19
294.0  431.89
295.0  435.59
296.0  439.19
297.0  442.79
298.0  446.39
299.0  449.99
300.0  453.59
301.0  457.19
302.0  460.89
303.0  464.49
304.0  468.19
305.0  471.79
306.0  475.49
307.0  479.09
308.0  482.79
309.0  486.39
310.0  489.89
311.0  493.49
312.0  497.09
313.0  500.59
314.0  504.19
315.0  507.69
316.0  511.29
317.0  514.79
318.0  518.39
319.0  521.89
320.0  525.49
321.0  528.99
322.0  532.59
323.0  536.19
324.0  539.69
325.0  543.29
326.0  546.89
327.0  550.49
328.0  553.99
329.0  557.59
330.0  561.19
331.0  564.79
332.0  568.39
333.0  571.99
334.0  575.59
335.0  579.19
336.0  582.79
337.0  586.49
338.0  590.09
339.0  593.69
340.0  597.39
341.0  600.99
342.0  604.69
343.0  608.29
344.0  611.99
345.0  615.69
346.0  619.29
347.0  622.99
348.0  626.69
349.0  630.39
350.0  634.09
351.0  637.79
352.0  641.49
353.0  645.29
354.0  648.99
355.0  652.69
356.0  656.49
357.0  660.19
358.0  663.99
359.0  667.79
360.0  671.49
361.0  675.29
362.0  679.09
363.0  682.89
364.0  686.69
365.0  690.49
366.0  694.39
367.0  698.19
368.0  702.09
369.0  705.89
370.0  709.79
371.0  713.59
372.0  717.49
373.0  721.39
