тесто
0.460
213.0    0.00
214.0    1.91
215.0    3.84
216.0    5.76
217.0    7.70
218.0    9.64
219.0   11.58
220.0   13.54
221.0   15.50
222.0   17.48
223.0   19.46
224.0   21.45
225.0   23.45
226.0   25.47
227.0   27.49
228.0   29.53
229.0   31.58
230.0   33.65
231.0   35.73
232.0   37.83
233.0   39.94
234.0   42.08
235.0   44.23
236.0   46.41
237.0   48.62
238.0   50.84
239.0   53.10
240.0   55.39
241.0   57.71
242.0   60.08
243.0   62.48
244.0   64.93
245.0   67.42
246.0   69.98
247.0   72.59
248.0   75.28
249.0   78.05
250.0   80.90
251.0   83.86
252.0   86.93
253.0   90.13
254.0   93.49
255.0   97.03
256.0  100.78
257.0  104.78
258.0  109.08
259.0  113.75
260.0  118.86
261.0  124.54
262.0  130.93
263.0  138.26
264.0  146.82
265.0  157.09
266.0  169.80
267.0  186.15
268.0  208.35
269.0  240.78
270.0  243.50
271.0  246.22
272.0  248.95
273.0  251.67
274.0  254.39
275.0  257.11
276.0  259.83
277.0  262.55
278.0  265.27
279.0  267.99
280.0  270.71
281.0  273.43
282.0  276.16
283.0  278.88
284.0  281.60
285.0  284.32
286.0  287.04
287.0  289.76
288.0  292.48
289.0  295.20
290.0  297.92
291.0  300.64
292.0  303.37
293.0  306.09
294.0  308.81
295.0  311.53
296.0  314.25
297.0  316.97
298.0  319.69
299.0  322.41
300.0  325.13
301.0  327.85
302.0  330.58
303.0  333.30
304.0  336.02
305.0  338.74
306.0  341.46
307.0  344.18
308.0  346.90
309.0  349.62
310.0  352.34
311.0  355.06
312.0  357.79
313.0  360.51
314.0  363.23
315.0  365.95
316.0  368.67
317.0  371.39
318.0  374.11
319.0  376.83
320.0  379.55
321.0  382.27
322.0  385.00
323.0  387.72
324.0  390.44
325.0  393.16
326.0  395.88
327.0  398.60
328.0  401.32
329.0  404.04
330.0  406.76
331.0  409.48
332.0  412.21
333.0  414.93
334.0  417.65
335.0  420.37
336.0  423.09
337.0  425.81
338.0  428.53
339.0  431.25
340.0  433.97
341.0  436.69
342.0  439.42
343.0  442.14
344.0  444.86
345.0  447.58
346.0  450.30
347.0  453.02
348.0  455.74
349.0  458.46
350.0  461.18
351.0  463.90
352.0  466.63
353.0  469.35
354.0  472.07
355.0  474.79
356.0  477.51
357.0  480.23
358.0  482.95
359.0  485.67
360.0  488.39
361.0  491.11
362.0  493.84
363.0  496.56
364.0  499.28
365.0  502.00
366.0  504.72
367.0  507.44
368.0  510.16
369.0  512.88
370.0  515.60
371.0  518.32
372.0  521.05
373.0  523.77
