топленый свиной жир
0.100
213.0    0.00
214.0    0.30
215.0    2.60
216.0    3.90
217.0    5.20
218.0    6.50
219.0    7.90
220.0    9.20
221.0   10.50
222.0   11.90
223.0   13.30
224.0   14.60
225.0   16.00
226.0   17.40
227.0   18.80
228.0   20.20
229.0   21.60
230.0   23.00
231.0   24.40
232.0   25.90
233.0   27.30
234.0   28.80
235.0   30.30
236.0   31.80
237.0   33.30
238.0   34.80
239.0   36.30
240.0   37.90
241.0   39.40
242.0   41.00
243.0   42.60
244.0   44.30
245.0   45.90
246.0   47.60
247.0   49.30
248.0   51.00
249.0   52.70
250.0   54.50
251.0   56.40
252.0   58.20
253.0   60.10
254.0   62.10
255.0   64.10
256.0   66.20
257.0   68.30
258.0   70.50
259.0   72.80
260.0   75.20
261.0   77.70
262.0   80.40
263.0   83.10
264.0   86.10
265.0   89.20
266.0   92.50
267.0   96.10
268.0   99.90
269.0  104.00
270.0  108.40
271.0  113.10
272.0  118.00
273.0  123.20
274.0  128.50
275.0  133.80
276.0  139.10
277.0  144.30
278.0  149.30
279.0  154.00
280.0  158.50
281.0  162.70
282.0  166.80
283.0  170.60
284.0  174.20
285.0  177.80
286.0  181.20
287.0  184.50
288.0  187.90
289.0  191.20
290.0  194.50
291.0  198.00
292.0  201.50
293.0  205.30
294.0  209.30
295.0  213.60
296.0  218.30
297.0  223.50
298.0  229.20
299.0  235.30
300.0  241.70
301.0  248.00
302.0  254.10
303.0  259.60
304.0  264.70
305.0  269.20
306.0  273.20
307.0  276.90
308.0  280.20
309.0  283.30
310.0  286.20
311.0  289.00
312.0  291.50
313.0  294.00
314.0  295.40
315.0  296.80
316.0  298.20
317.0  299.70
318.0  301.10
319.0  302.50
320.0  303.90
321.0  305.30
322.0  306.70
323.0  308.10
324.0  309.50
325.0  311.00
326.0  312.40
327.0  313.80
328.0  315.20
329.0  316.60
330.0  318.00
331.0  319.40
332.0  320.80
333.0  322.30
334.0  323.70
335.0  325.10
336.0  326.50
337.0  327.90
338.0  329.30
339.0  330.70
340.0  332.20
341.0  333.60
342.0  335.00
343.0  336.40
344.0  337.80
345.0  339.20
346.0  340.60
347.0  342.00
348.0  343.50
349.0  344.90
350.0  346.30
351.0  347.70
352.0  349.10
353.0  350.50
354.0  351.90
355.0  353.30
356.0  354.80
357.0  356.20
358.0  357.60
359.0  359.00
360.0  360.40
361.0  361.80
362.0  363.20
363.0  364.70
364.0  366.10
365.0  367.50
366.0  368.90
367.0  370.30
368.0  371.70
369.0  373.10
370.0  374.50
371.0  376.00
372.0  377.40
373.0  378.80
