утки
0.740
213.0    0.00
214.0    2.09
215.0    4.18
216.0    6.27
217.0    8.37
218.0   10.48
219.0   12.59
220.0   14.70
221.0   16.82
222.0   18.95
223.0   21.08
224.0   23.22
225.0   25.36
226.0   27.52
227.0   29.67
228.0   31.84
229.0   34.01
230.0   36.20
231.0   38.39
232.0   40.59
233.0   42.80
234.0   45.02
235.0   47.26
236.0   49.50
237.0   51.76
238.0   54.04
239.0   56.33
240.0   58.63
241.0   60.95
242.0   63.29
243.0   65.66
244.0   68.04
245.0   70.45
246.0   72.88
247.0   75.35
248.0   77.85
249.0   80.38
250.0   82.96
251.0   85.58
252.0   88.25
253.0   90.98
254.0   93.78
255.0   96.65
256.0   99.62
257.0  102.69
258.0  105.89
259.0  109.24
260.0  112.77
261.0  116.54
262.0  120.61
263.0  125.07
264.0  130.07
265.0  135.82
266.0  142.72
267.0  151.47
268.0  163.62
269.0  183.29
270.0  227.33
270.7  343.82
272.0  348.35
273.0  351.83
274.0  355.31
275.0  358.79
276.0  362.28
277.0  365.76
278.0  369.24
279.0  372.73
280.0  376.21
281.0  379.69
282.0  383.18
283.0  386.66
284.0  390.14
285.0  393.62
286.0  397.11
287.0  400.59
288.0  404.07
289.0  407.56
290.0  411.04
291.0  414.52
292.0  418.01
293.0  421.49
294.0  424.97
295.0  428.45
296.0  431.94
297.0  435.42
298.0  438.90
299.0  442.39
300.0  445.87
301.0  449.35
302.0  452.84
303.0  456.32
304.0  459.80
305.0  463.28
306.0  466.77
307.0  470.25
308.0  473.73
309.0  477.22
310.0  480.70
311.0  484.18
312.0  487.67
313.0  491.15
314.0  494.63
315.0  498.11
316.0  501.60
317.0  505.08
318.0  508.56
319.0  512.05
320.0  515.53
321.0  519.01
322.0  522.50
323.0  525.98
324.0  529.46
325.0  532.94
326.0  536.43
327.0  539.91
328.0  543.39
329.0  546.88
330.0  550.36
331.0  553.84
332.0  557.33
333.0  560.81
334.0  564.29
335.0  567.77
336.0  571.26
337.0  574.74
338.0  578.22
339.0  581.71
340.0  585.19
341.0  588.67
342.0  592.16
343.0  595.64
344.0  599.12
345.0  602.60
346.0  606.09
347.0  609.57
348.0  613.05
349.0  616.54
350.0  620.02
351.0  623.50
352.0  626.99
353.0  630.47
354.0  633.95
355.0  637.43
356.0  640.92
357.0  644.40
358.0  647.88
359.0  651.37
360.0  654.85
361.0  658.33
362.0  661.82
363.0  665.30
364.0  668.78
365.0  672.26
366.0  675.75
367.0  679.23
368.0  682.71
369.0  686.20
370.0  689.68
371.0  693.16
372.0  696.65
373.0  700.13
