шпинат
0.920
213.0    0.00
214.0    2.24
215.0    4.48
216.0    6.72
217.0    8.98
218.0   11.23
219.0   13.50
220.0   15.76
221.0   18.04
222.0   20.32
223.0   22.61
224.0   24.91
225.0   27.21
226.0   29.52
227.0   31.84
228.0   34.17
229.0   36.51
230.0   38.86
231.0   41.22
232.0   43.59
233.0   45.97
234.0   48.36
235.0   50.77
236.0   53.19
237.0   55.62
238.0   58.07
239.0   60.54
240.0   63.03
241.0   65.53
242.0   68.06
243.0   70.61
244.0   73.19
245.0   75.79
246.0   78.42
247.0   81.08
248.0   83.78
249.0   86.52
250.0   89.30
251.0   92.13
252.0   95.01
253.0   97.96
254.0  100.97
255.0  104.06
256.0  107.24
257.0  110.53
258.0  113.94
259.0  117.49
260.0  121.22
261.0  125.15
262.0  129.35
263.0  133.88
264.0  138.84
265.0  144.37
266.0  150.70
267.0  158.18
268.0  167.47
269.0  179.85
270.0  198.37
271.0  232.75
272.0  343.83
272.2  413.14
274.0  420.29
275.0  424.26
276.0  428.23
277.0  432.20
278.0  436.17
279.0  440.14
280.0  444.11
281.0  448.08
282.0  452.05
283.0  456.02
284.0  459.99
285.0  463.96
286.0  467.93
287.0  471.90
288.0  475.87
289.0  479.84
290.0  483.81
291.0  487.78
292.0  491.75
293.0  495.72
294.0  499.69
295.0  503.66
296.0  507.63
297.0  511.60
298.0  515.57
299.0  519.54
300.0  523.51
301.0  527.48
302.0  531.45
303.0  535.42
304.0  539.39
305.0  543.36
306.0  547.33
307.0  551.30
308.0  555.27
309.0  559.24
310.0  563.21
311.0  567.18
312.0  571.15
313.0  575.12
314.0  579.09
315.0  583.06
316.0  587.03
317.0  591.00
318.0  594.97
319.0  598.94
320.0  602.91
321.0  606.88
322.0  610.85
323.0  614.82
324.0  618.79
325.0  622.76
326.0  626.73
327.0  630.70
328.0  634.67
329.0  638.64
330.0  642.61
331.0  646.58
332.0  650.55
333.0  654.52
334.0  658.49
335.0  662.46
336.0  666.43
337.0  670.40
338.0  674.37
339.0  678.34
340.0  682.31
341.0  686.28
342.0  690.25
343.0  694.22
344.0  698.19
345.0  702.16
346.0  706.13
347.0  710.10
348.0  714.07
349.0  718.04
350.0  722.01
351.0  725.98
352.0  729.95
353.0  733.92
354.0  737.89
355.0  741.86
356.0  745.83
357.0  749.80
358.0  753.77
359.0  757.74
360.0  761.71
361.0  765.68
362.0  769.65
363.0  773.62
364.0  777.59
365.0  781.56
366.0  785.53
367.0  789.50
368.0  793.47
369.0  797.44
370.0  801.41
371.0  805.38
372.0  809.35
373.0  813.32
