эндокринное сырье
0.680
213.0    0.00
214.0    1.98
215.0    3.97
216.0    5.95
217.0    7.95
218.0    9.94
219.0   11.94
220.0   13.95
221.0   15.96
222.0   17.97
223.0   19.99
224.0   22.02
225.0   24.05
226.0   26.09
227.0   28.13
228.0   30.18
229.0   32.24
230.0   34.30
231.0   36.38
232.0   38.46
233.0   40.55
234.0   42.64
235.0   44.75
236.0   46.87
237.0   49.00
238.0   51.14
239.0   53.29
240.0   55.46
241.0   57.64
242.0   59.84
243.0   62.05
244.0   64.29
245.0   66.54
246.0   68.82
247.0   71.11
248.0   73.44
249.0   75.79
250.0   78.18
251.0   80.60
252.0   83.06
253.0   85.57
254.0   88.13
255.0   90.75
256.0   93.43
257.0   96.19
258.0   99.04
259.0  102.00
260.0  105.09
261.0  108.33
262.0  111.77
263.0  115.45
264.0  119.45
265.0  123.87
266.0  128.88
267.0  134.75
268.0  141.95
269.0  151.44
270.0  165.48
271.0  191.23
272.0  273.69
272.2  325.00
274.0  330.98
275.0  334.30
276.0  337.63
277.0  340.95
278.0  344.27
279.0  347.59
280.0  350.91
281.0  354.24
282.0  357.56
283.0  360.88
284.0  364.20
285.0  367.52
286.0  370.85
287.0  374.17
288.0  377.49
289.0  380.81
290.0  384.13
291.0  387.46
292.0  390.78
293.0  394.10
294.0  397.42
295.0  400.74
296.0  404.07
297.0  407.39
298.0  410.71
299.0  414.03
300.0  417.35
301.0  420.68
302.0  424.00
303.0  427.32
304.0  430.64
305.0  433.96
306.0  437.29
307.0  440.61
308.0  443.93
309.0  447.25
310.0  450.57
311.0  453.90
312.0  457.22
313.0  460.54
314.0  463.86
315.0  467.18
316.0  470.51
317.0  473.83
318.0  477.15
319.0  480.47
320.0  483.79
321.0  487.12
322.0  490.44
323.0  493.76
324.0  497.08
325.0  500.40
326.0  503.73
327.0  507.05
328.0  510.37
329.0  513.69
330.0  517.01
331.0  520.34
332.0  523.66
333.0  526.98
334.0  530.30
335.0  533.62
336.0  536.95
337.0  540.27
338.0  543.59
339.0  546.91
340.0  550.23
341.0  553.56
342.0  556.88
343.0  560.20
344.0  563.52
345.0  566.84
346.0  570.17
347.0  573.49
348.0  576.81
349.0  580.13
350.0  583.45
351.0  586.78
352.0  590.10
353.0  593.42
354.0  596.74
355.0  600.06
356.0  603.39
357.0  606.71
358.0  610.03
359.0  613.35
360.0  616.67
361.0  620.00
362.0  623.32
363.0  626.64
364.0  629.96
365.0  633.28
366.0  636.61
367.0  639.93
368.0  643.25
369.0  646.57
370.0  649.89
371.0  653.22
372.0  656.54
373.0  659.86
