€блоки
0.880
213.0    0.00
214.0    2.21
215.0    4.41
216.0    6.63
217.0    8.85
218.0   11.08
219.0   13.31
220.0   15.55
221.0   17.79
222.0   20.04
223.0   22.30
224.0   24.56
225.0   26.84
226.0   29.12
227.0   31.41
228.0   33.70
229.0   36.01
230.0   38.33
231.0   40.66
232.0   43.00
233.0   45.35
234.0   47.71
235.0   50.09
236.0   52.48
237.0   54.89
238.0   57.31
239.0   59.75
240.0   62.21
241.0   64.69
242.0   67.19
243.0   69.72
244.0   72.27
245.0   74.85
246.0   77.46
247.0   80.11
248.0   82.79
249.0   85.52
250.0   88.29
251.0   91.12
252.0   94.00
253.0   96.95
254.0   99.98
255.0  103.10
256.0  106.32
257.0  109.65
258.0  113.13
259.0  116.79
260.0  120.65
261.0  124.77
262.0  129.22
263.0  134.10
264.0  139.56
265.0  145.83
266.0  153.29
267.0  162.64
268.0  175.32
269.0  194.86
270.0  233.57
271.0  394.13
272.0  397.99
273.0  401.85
274.0  405.72
275.0  409.58
276.0  413.44
277.0  417.30
278.0  421.17
279.0  425.03
280.0  428.89
281.0  432.76
282.0  436.62
283.0  440.48
284.0  444.35
285.0  448.21
286.0  452.07
287.0  455.93
288.0  459.80
289.0  463.66
290.0  467.52
291.0  471.39
292.0  475.25
293.0  479.11
294.0  482.98
295.0  486.84
296.0  490.70
297.0  494.56
298.0  498.43
299.0  502.29
300.0  506.15
301.0  510.02
302.0  513.88
303.0  517.74
304.0  521.61
305.0  525.47
306.0  529.33
307.0  533.19
308.0  537.06
309.0  540.92
310.0  544.78
311.0  548.65
312.0  552.51
313.0  556.37
314.0  560.24
315.0  564.10
316.0  567.96
317.0  571.82
318.0  575.69
319.0  579.55
320.0  583.41
321.0  587.28
322.0  591.14
323.0  595.00
324.0  598.87
325.0  602.73
326.0  606.59
327.0  610.45
328.0  614.32
329.0  618.18
330.0  622.04
331.0  625.91
332.0  629.77
333.0  633.63
334.0  637.50
335.0  641.36
336.0  645.22
337.0  649.08
338.0  652.95
339.0  656.81
340.0  660.67
341.0  664.54
342.0  668.40
343.0  672.26
344.0  676.13
345.0  679.99
346.0  683.85
347.0  687.71
348.0  691.58
349.0  695.44
350.0  699.30
351.0  703.17
352.0  707.03
353.0  710.89
354.0  714.76
355.0  718.62
356.0  722.48
357.0  726.34
358.0  730.21
359.0  734.07
360.0  737.93
361.0  741.80
362.0  745.66
363.0  749.52
364.0  753.39
365.0  757.25
366.0  761.11
367.0  764.97
368.0  768.84
369.0  772.70
370.0  776.56
371.0  780.43
372.0  784.29
373.0  788.15
