€ичный меланж
0.700
213.0    0.00
214.0    1.81
215.0    3.63
216.0    5.45
217.0    7.27
218.0    9.08
219.0   10.91
220.0   12.73
221.0   14.55
222.0   16.38
223.0   18.21
224.0   20.04
225.0   21.87
226.0   23.70
227.0   25.54
228.0   27.37
229.0   29.22
230.0   31.06
231.0   32.91
232.0   34.76
233.0   36.61
234.0   38.47
235.0   40.33
236.0   42.19
237.0   44.06
238.0   45.94
239.0   47.82
240.0   49.71
241.0   51.60
242.0   53.50
243.0   55.41
244.0   57.33
245.0   59.25
246.0   61.19
247.0   63.14
248.0   65.10
249.0   67.08
250.0   69.08
251.0   71.09
252.0   73.13
253.0   75.19
254.0   77.28
255.0   79.41
256.0   81.58
257.0   83.79
258.0   86.06
259.0   88.41
260.0   90.83
261.0   93.37
262.0   96.04
263.0   98.89
264.0  101.98
265.0  105.39
266.0  109.26
267.0  113.84
268.0  119.52
269.0  127.16
270.0  138.69
271.0  159.95
272.0  220.14
272.5  337.77
274.0  342.92
275.0  346.35
276.0  349.78
277.0  353.21
278.0  356.63
279.0  360.06
280.0  363.49
281.0  366.92
282.0  370.35
283.0  373.78
284.0  377.21
285.0  380.64
286.0  384.07
287.0  387.50
288.0  390.92
289.0  394.35
290.0  397.78
291.0  401.21
292.0  404.64
293.0  408.07
294.0  411.50
295.0  414.93
296.0  418.36
297.0  421.79
298.0  425.21
299.0  428.64
300.0  432.07
301.0  435.50
302.0  438.93
303.0  442.36
304.0  445.79
305.0  449.22
306.0  452.65
307.0  456.08
308.0  459.50
309.0  462.93
310.0  466.36
311.0  469.79
312.0  473.22
313.0  476.65
314.0  480.08
315.0  483.51
316.0  486.94
317.0  490.37
318.0  493.79
319.0  497.22
320.0  500.65
321.0  504.08
322.0  507.51
323.0  510.94
324.0  514.37
325.0  517.80
326.0  521.23
327.0  524.66
328.0  528.08
329.0  531.51
330.0  534.94
331.0  538.37
332.0  541.80
333.0  545.23
334.0  548.66
335.0  552.09
336.0  555.52
337.0  558.95
338.0  562.37
339.0  565.80
340.0  569.23
341.0  572.66
342.0  576.09
343.0  579.52
344.0  582.95
345.0  586.38
346.0  589.81
347.0  593.24
348.0  596.66
349.0  600.09
350.0  603.52
351.0  606.95
352.0  610.38
353.0  613.81
354.0  617.24
355.0  620.67
356.0  624.10
357.0  627.53
358.0  630.95
359.0  634.38
360.0  637.81
361.0  641.24
362.0  644.67
363.0  648.10
364.0  651.53
365.0  654.96
366.0  658.39
367.0  661.82
368.0  665.24
369.0  668.67
370.0  672.10
371.0  675.53
372.0  678.96
373.0  682.39
