тел€чь€ варена€
0.550
213.0    0.00
214.0    2.34
215.0    4.69
216.0    7.04
217.0    9.39
218.0   11.74
219.0   14.10
220.0   16.47
221.0   18.83
222.0   21.20
223.0   23.58
224.0   25.96
225.0   28.35
226.0   30.74
227.0   33.13
228.0   35.53
229.0   37.94
230.0   40.36
231.0   42.78
232.0   45.21
233.0   47.64
234.0   50.09
235.0   52.54
236.0   55.00
237.0   57.47
238.0   59.96
239.0   62.45
240.0   64.96
241.0   67.48
242.0   70.01
243.0   72.56
244.0   75.13
245.0   77.71
246.0   80.32
247.0   82.95
248.0   85.60
249.0   88.28
250.0   90.99
251.0   93.74
252.0   96.53
253.0   99.36
254.0  102.24
255.0  105.18
256.0  108.19
257.0  111.28
258.0  114.47
259.0  117.78
260.0  121.23
261.0  124.87
262.0  128.74
263.0  132.91
264.0  137.52
265.0  142.73
266.0  148.87
267.0  156.54
268.0  167.12
269.0  184.49
270.0  226.88
270.5  300.68
272.0  306.68
273.0  310.78
274.0  314.88
275.0  318.98
276.0  323.08
277.0  327.18
278.0  331.18
279.0  335.08
280.0  338.98
281.0  342.68
282.0  346.38
283.0  350.08
284.0  353.68
285.0  357.18
286.0  360.68
287.0  364.18
288.0  367.68
289.0  371.18
290.0  374.68
291.0  378.18
292.0  381.78
293.0  385.38
294.0  389.08
295.0  392.88
296.0  396.78
297.0  400.78
298.0  405.08
299.0  409.38
300.0  413.78
301.0  418.28
302.0  422.58
303.0  426.78
304.0  430.78
305.0  434.58
306.0  438.38
307.0  441.98
308.0  445.48
309.0  448.88
310.0  452.18
311.0  455.48
312.0  458.78
313.0  461.98
314.0  465.28
315.0  468.38
316.0  471.58
317.0  474.78
318.0  477.88
319.0  480.98
320.0  484.08
321.0  487.18
322.0  490.38
323.0  493.48
324.0  496.48
325.0  499.58
326.0  502.68
327.0  505.78
328.0  508.88
329.0  511.98
330.0  515.08
331.0  518.18
332.0  521.28
333.0  524.28
334.0  527.38
335.0  530.48
336.0  533.58
337.0  536.68
338.0  539.78
339.0  542.88
340.0  545.98
341.0  549.08
342.0  552.18
343.0  555.38
344.0  558.48
345.0  561.58
346.0  564.68
347.0  567.88
348.0  570.98
349.0  574.08
350.0  577.28
351.0  580.38
352.0  583.58
353.0  586.68
354.0  589.88
355.0  593.08
356.0  596.18
357.0  599.38
358.0  602.58
359.0  605.78
360.0  608.98
361.0  612.18
362.0  615.38
363.0  618.58
364.0  621.78
365.0  625.08
366.0  628.28
367.0  631.48
368.0  634.78
369.0  638.08
370.0  641.28
371.0  644.68
372.0  647.88
373.0  651.08
