столичная вареная
0.540
213.0    0.00
214.0    2.20
215.0    4.39
216.0    6.60
217.0    8.80
218.0   11.01
219.0   13.22
220.0   15.44
221.0   17.66
222.0   19.88
223.0   22.11
224.0   24.34
225.0   26.58
226.0   28.82
227.0   31.07
228.0   33.33
229.0   35.59
230.0   37.85
231.0   40.13
232.0   42.40
233.0   44.69
234.0   46.99
235.0   49.29
236.0   51.60
237.0   53.92
238.0   56.25
239.0   58.60
240.0   60.95
241.0   63.32
242.0   65.70
243.0   68.09
244.0   70.50
245.0   72.93
246.0   75.38
247.0   77.85
248.0   80.34
249.0   82.86
250.0   85.40
251.0   87.98
252.0   90.59
253.0   93.25
254.0   95.95
255.0   98.70
256.0  101.52
257.0  104.40
258.0  107.38
259.0  110.45
260.0  113.65
261.0  117.00
262.0  120.55
263.0  124.35
264.0  128.48
265.0  133.08
266.0  138.36
267.0  144.69
268.0  152.83
269.0  164.57
270.0  185.56
271.0  251.32
271.2  291.97
273.0  299.27
274.0  303.37
275.0  307.47
276.0  311.57
277.0  315.67
278.0  319.67
279.0  323.57
280.0  327.47
281.0  331.27
282.0  334.87
283.0  338.57
284.0  342.07
285.0  345.67
286.0  349.17
287.0  352.57
288.0  356.07
289.0  359.47
290.0  362.97
291.0  366.47
292.0  369.97
293.0  373.57
294.0  377.27
295.0  381.07
296.0  384.97
297.0  389.07
298.0  393.27
299.0  397.67
300.0  402.07
301.0  406.57
302.0  410.97
303.0  415.17
304.0  419.17
305.0  422.97
306.0  426.67
307.0  430.27
308.0  433.77
309.0  437.17
310.0  440.47
311.0  443.77
312.0  446.97
313.0  450.17
314.0  453.27
315.0  456.47
316.0  459.57
317.0  462.67
318.0  465.77
319.0  468.77
320.0  471.87
321.0  474.97
322.0  477.97
323.0  480.97
324.0  484.07
325.0  487.07
326.0  490.17
327.0  493.17
328.0  496.17
329.0  499.17
330.0  502.27
331.0  505.27
332.0  508.27
333.0  511.37
334.0  514.37
335.0  517.37
336.0  520.37
337.0  523.47
338.0  526.47
339.0  529.57
340.0  532.57
341.0  535.67
342.0  538.67
343.0  541.77
344.0  544.77
345.0  547.87
346.0  550.87
347.0  553.97
348.0  557.07
349.0  560.07
350.0  563.17
351.0  566.27
352.0  569.37
353.0  572.47
354.0  575.57
355.0  578.67
356.0  581.77
357.0  584.87
358.0  587.97
359.0  591.17
360.0  594.27
361.0  597.37
362.0  600.57
363.0  603.67
364.0  606.87
365.0  610.07
366.0  613.17
367.0  616.37
368.0  619.57
369.0  622.77
370.0  625.97
371.0  629.17
372.0  632.37
373.0  635.57
