малина
0.860
213.0    0.00
214.0    2.19
215.0    4.38
216.0    6.58
217.0    8.78
218.0   10.98
219.0   13.20
220.0   15.41
221.0   17.64
222.0   19.87
223.0   22.11
224.0   24.35
225.0   26.60
226.0   28.86
227.0   31.13
228.0   33.40
229.0   35.68
230.0   37.98
231.0   40.28
232.0   42.59
233.0   44.91
234.0   47.25
235.0   49.60
236.0   51.96
237.0   54.33
238.0   56.72
239.0   59.13
240.0   61.55
241.0   64.00
242.0   66.46
243.0   68.94
244.0   71.45
245.0   73.98
246.0   76.54
247.0   79.13
248.0   81.76
249.0   84.42
250.0   87.13
251.0   89.88
252.0   92.68
253.0   95.54
254.0   98.46
255.0  101.46
256.0  104.55
257.0  107.74
258.0  111.04
259.0  114.49
260.0  118.10
261.0  121.92
262.0  126.00
263.0  130.40
264.0  135.22
265.0  140.61
266.0  146.80
267.0  154.16
268.0  163.38
269.0  175.87
270.0  195.11
271.0  233.20
272.0  391.12
273.0  394.92
274.0  398.73
275.0  402.54
276.0  406.35
277.0  410.16
278.0  413.96
279.0  417.77
280.0  421.58
281.0  425.39
282.0  429.20
283.0  433.00
284.0  436.81
285.0  440.62
286.0  444.43
287.0  448.24
288.0  452.04
289.0  455.85
290.0  459.66
291.0  463.47
292.0  467.28
293.0  471.08
294.0  474.89
295.0  478.70
296.0  482.51
297.0  486.32
298.0  490.12
299.0  493.93
300.0  497.74
301.0  501.55
302.0  505.36
303.0  509.16
304.0  512.97
305.0  516.78
306.0  520.59
307.0  524.40
308.0  528.20
309.0  532.01
310.0  535.82
311.0  539.63
312.0  543.44
313.0  547.24
314.0  551.05
315.0  554.86
316.0  558.67
317.0  562.48
318.0  566.28
319.0  570.09
320.0  573.90
321.0  577.71
322.0  581.52
323.0  585.32
324.0  589.13
325.0  592.94
326.0  596.75
327.0  600.56
328.0  604.36
329.0  608.17
330.0  611.98
331.0  615.79
332.0  619.60
333.0  623.40
334.0  627.21
335.0  631.02
336.0  634.83
337.0  638.64
338.0  642.44
339.0  646.25
340.0  650.06
341.0  653.87
342.0  657.68
343.0  661.48
344.0  665.29
345.0  669.10
346.0  672.91
347.0  676.72
348.0  680.52
349.0  684.33
350.0  688.14
351.0  691.95
352.0  695.76
353.0  699.56
354.0  703.37
355.0  707.18
356.0  710.99
357.0  714.80
358.0  718.60
359.0  722.41
360.0  726.22
361.0  730.03
362.0  733.84
363.0  737.64
364.0  741.45
365.0  745.26
366.0  749.07
367.0  752.88
368.0  756.68
369.0  760.49
370.0  764.30
371.0  768.11
372.0  771.92
373.0  775.72
