масло бутербродное
0.380
213.0    0.00
214.0    2.08
215.0    4.16
216.0    6.24
217.0    8.32
218.0   10.41
219.0   12.49
220.0   14.59
221.0   16.68
222.0   18.78
223.0   20.88
224.0   22.98
225.0   25.09
226.0   27.20
227.0   29.31
228.0   31.43
229.0   33.55
230.0   35.68
231.0   37.81
232.0   39.94
233.0   42.08
234.0   44.23
235.0   46.38
236.0   48.54
237.0   50.70
238.0   52.87
239.0   55.05
240.0   57.23
241.0   59.43
242.0   61.63
243.0   63.84
244.0   66.07
245.0   68.30
246.0   70.54
247.0   72.80
248.0   75.08
249.0   77.37
250.0   79.67
251.0   82.00
252.0   84.35
253.0   86.72
254.0   89.12
255.0   91.54
256.0   94.01
257.0   96.51
258.0   99.06
259.0  101.67
260.0  104.33
261.0  107.08
262.0  109.92
263.0  112.88
264.0  115.98
265.0  119.28
266.0  122.83
267.0  126.74
268.0  131.18
269.0  136.46
270.0  143.20
271.0  152.97
272.0  171.16
273.0  242.77
274.0  244.67
275.0  250.47
276.0  254.17
277.0  257.67
278.0  261.07
279.0  264.37
280.0  267.67
281.0  270.97
282.0  274.47
283.0  278.37
284.0  281.97
285.0  285.67
286.0  289.57
287.0  293.27
288.0  297.27
289.0  301.67
290.0  306.67
291.0  311.77
292.0  316.67
293.0  321.07
294.0  325.07
295.0  328.77
296.0  332.27
297.0  335.77
298.0  339.47
299.0  342.97
300.0  346.37
301.0  349.87
302.0  353.47
303.0  357.17
304.0  360.87
305.0  364.67
306.0  368.27
307.0  371.97
308.0  375.57
309.0  378.97
310.0  382.07
311.0  385.17
312.0  388.17
313.0  391.07
314.0  393.97
315.0  396.87
316.0  399.77
317.0  402.57
318.0  405.47
319.0  408.27
320.0  411.07
321.0  413.87
322.0  416.67
323.0  419.57
324.0  422.37
325.0  425.17
326.0  427.97
327.0  430.77
328.0  433.57
329.0  436.37
330.0  439.17
331.0  442.07
332.0  444.87
333.0  447.67
334.0  450.47
335.0  453.27
336.0  455.87
337.0  458.97
338.0  461.77
339.0  464.67
340.0  467.47
341.0  470.37
342.0  473.17
343.0  476.07
344.0  478.87
345.0  481.77
346.0  484.67
347.0  487.47
348.0  490.37
349.0  493.27
350.0  496.17
351.0  499.07
352.0  501.97
353.0  504.87
354.0  507.77
355.0  510.67
356.0  513.57
357.0  516.57
358.0  519.47
359.0  522.37
360.0  525.37
361.0  528.27
362.0  531.27
363.0  534.17
364.0  537.17
365.0  540.17
366.0  543.17
367.0  546.17
368.0  549.17
369.0  552.17
370.0  555.17
371.0  558.17
372.0  561.17
373.0  564.17
