молоко коровье пастеризованное 3,2%
0.940
213.0    0.00
214.0    1.88
215.0    3.77
216.0    5.66
217.0    7.56
218.0    9.46
219.0   11.37
220.0   13.29
221.0   15.21
222.0   17.14
223.0   19.07
224.0   21.02
225.0   22.97
226.0   24.93
227.0   26.90
228.0   28.87
229.0   30.86
230.0   32.86
231.0   34.86
232.0   36.88
233.0   38.91
234.0   40.95
235.0   43.01
236.0   45.08
237.0   47.16
238.0   49.26
239.0   51.38
240.0   53.52
241.0   55.67
242.0   57.85
243.0   60.05
244.0   62.27
245.0   64.52
246.0   66.80
247.0   69.11
248.0   71.45
249.0   73.84
250.0   76.26
251.0   78.73
252.0   81.25
253.0   83.83
254.0   86.48
255.0   89.19
256.0   92.00
257.0   94.89
258.0   97.90
259.0  101.05
260.0  104.34
261.0  107.83
262.0  111.54
263.0  115.54
264.0  119.90
265.0  124.72
266.0  130.17
267.0  136.51
268.0  144.14
269.0  153.83
270.0  167.12
271.0  187.86
272.0  229.36
273.0  402.80
274.0  406.80
275.0  410.70
276.0  414.70
277.0  418.60
278.0  422.60
279.0  426.50
280.0  430.50
281.0  434.40
282.0  438.30
283.0  441.80
284.0  446.20
285.0  450.20
286.0  454.10
287.0  458.10
288.0  462.10
289.0  466.00
290.0  470.00
291.0  474.10
292.0  478.10
293.0  482.10
294.0  486.00
295.0  490.00
296.0  493.90
297.0  497.80
298.0  501.80
299.0  505.70
300.0  509.60
301.0  513.60
302.0  517.50
303.0  521.50
304.0  525.40
305.0  529.40
306.0  533.30
307.0  537.30
308.0  541.20
309.0  545.20
310.0  549.10
311.0  553.00
312.0  556.90
313.0  560.90
314.0  564.80
315.0  568.70
316.0  572.70
317.0  576.60
318.0  580.50
319.0  584.50
320.0  588.40
321.0  592.40
322.0  596.30
323.0  600.30
324.0  604.00
325.0  608.20
326.0  612.20
327.0  616.10
328.0  620.10
329.0  624.10
330.0  628.10
331.0  632.00
332.0  636.00
333.0  640.00
334.0  644.00
335.0  648.10
336.0  652.10
337.0  656.10
338.0  660.10
339.0  664.10
340.0  668.20
341.0  672.20
342.0  676.30
343.0  680.30
344.0  684.40
345.0  688.50
346.0  692.60
347.0  696.60
348.0  700.70
349.0  704.80
350.0  709.00
351.0  713.10
352.0  717.10
353.0  721.30
354.0  725.50
355.0  729.60
356.0  733.80
357.0  737.90
358.0  742.10
359.0  746.30
360.0  750.50
361.0  754.70
362.0  758.90
363.0  763.10
364.0  767.40
365.0  771.60
366.0  775.80
367.0  780.10
368.0  784.40
369.0  788.60
370.0  792.90
371.0  797.20
372.0  801.50
373.0  805.90
