моллюски
0.700
213.0    0.00
214.0    2.07
215.0    4.15
216.0    6.24
217.0    8.32
218.0   10.41
219.0   12.51
220.0   14.61
221.0   16.72
222.0   18.83
223.0   20.94
224.0   23.07
225.0   25.19
226.0   27.33
227.0   29.47
228.0   31.62
229.0   33.77
230.0   35.94
231.0   38.11
232.0   40.29
233.0   42.48
234.0   44.68
235.0   46.89
236.0   49.12
237.0   51.35
238.0   53.60
239.0   55.86
240.0   58.14
241.0   60.43
242.0   62.74
243.0   65.07
244.0   67.42
245.0   69.79
246.0   72.19
247.0   74.62
248.0   77.07
249.0   79.56
250.0   82.09
251.0   84.65
252.0   87.27
253.0   89.93
254.0   92.66
255.0   95.46
256.0   98.34
257.0  101.31
258.0  104.40
259.0  107.63
260.0  111.02
261.0  114.61
262.0  118.47
263.0  122.67
264.0  127.33
265.0  132.64
266.0  138.89
267.0  146.65
268.0  157.05
269.0  172.91
270.0  204.02
271.0  332.04
272.0  335.42
273.0  338.79
274.0  342.17
275.0  345.54
276.0  348.92
277.0  352.29
278.0  355.67
279.0  359.04
280.0  362.42
281.0  365.79
282.0  369.17
283.0  372.54
284.0  375.92
285.0  379.29
286.0  382.67
287.0  386.04
288.0  389.42
289.0  392.79
290.0  396.17
291.0  399.54
292.0  402.92
293.0  406.29
294.0  409.67
295.0  413.04
296.0  416.42
297.0  419.79
298.0  423.17
299.0  426.54
300.0  429.92
301.0  433.29
302.0  436.67
303.0  440.04
304.0  443.42
305.0  446.79
306.0  450.17
307.0  453.54
308.0  456.92
309.0  460.29
310.0  463.67
311.0  467.04
312.0  470.42
313.0  473.79
314.0  477.17
315.0  480.54
316.0  483.92
317.0  487.29
318.0  490.67
319.0  494.04
320.0  497.42
321.0  500.79
322.0  504.17
323.0  507.54
324.0  510.92
325.0  514.29
326.0  517.67
327.0  521.04
328.0  524.42
329.0  527.79
330.0  531.17
331.0  534.54
332.0  537.92
333.0  541.29
334.0  544.67
335.0  548.04
336.0  551.42
337.0  554.79
338.0  558.17
339.0  561.54
340.0  564.92
341.0  568.29
342.0  571.67
343.0  575.04
344.0  578.42
345.0  581.79
346.0  585.17
347.0  588.54
348.0  591.92
349.0  595.29
350.0  598.67
351.0  602.04
352.0  605.42
353.0  608.79
354.0  612.17
355.0  615.54
356.0  618.92
357.0  622.29
358.0  625.67
359.0  629.04
360.0  632.42
361.0  635.79
362.0  639.17
363.0  642.54
364.0  645.92
365.0  649.29
366.0  652.67
367.0  656.04
368.0  659.42
369.0  662.79
370.0  666.17
371.0  669.54
372.0  672.92
373.0  676.29
