молоко сухое цельное (0,04)
0.040
213.0    0.00
214.0    1.90
215.0    3.80
216.0    5.70
217.0    7.60
218.0    9.60
219.0   11.50
220.0   13.40
221.0   15.30
222.0   17.20
223.0   19.10
224.0   21.00
225.0   22.90
226.0   24.80
227.0   26.70
228.0   28.70
229.0   30.60
230.0   32.50
231.0   34.40
232.0   36.30
233.0   38.20
234.0   40.00
235.0   41.70
236.0   43.40
237.0   45.10
238.0   46.80
239.0   48.60
240.0   50.30
241.0   52.10
242.0   53.90
243.0   55.70
244.0   57.60
245.0   59.50
246.0   61.30
247.0   63.30
248.0   65.10
249.0   66.70
250.0   68.40
251.0   70.10
252.0   71.70
253.0   73.40
254.0   75.10
255.0   76.80
256.0   78.50
257.0   80.20
258.0   81.90
259.0   83.60
260.0   85.30
261.0   87.10
262.0   88.80
263.0   90.60
264.0   92.30
265.0   94.10
266.0   95.90
267.0   97.70
268.0   99.50
269.0  101.40
270.0  103.30
271.0  105.30
272.0  107.30
273.0  109.20
274.0  111.60
275.0  113.70
276.0  115.70
277.0  117.70
278.0  119.70
279.0  121.60
280.0  123.50
281.0  125.40
282.0  127.40
283.0  129.60
284.0  131.60
285.0  133.70
286.0  135.80
287.0  137.90
288.0  140.20
289.0  142.50
290.0  145.10
291.0  147.80
292.0  150.40
293.0  152.80
294.0  155.00
295.0  157.20
296.0  159.20
297.0  161.20
298.0  163.30
299.0  165.30
300.0  167.30
301.0  169.40
302.0  171.50
303.0  173.60
304.0  175.70
305.0  177.90
306.0  180.00
307.0  182.10
308.0  184.20
309.0  186.20
310.0  188.10
311.0  190.00
312.0  191.90
313.0  193.70
314.0  195.50
315.0  197.30
316.0  199.10
317.0  201.00
318.0  202.80
319.0  204.60
320.0  206.40
321.0  208.20
322.0  210.00
323.0  211.80
324.0  213.60
325.0  215.40
326.0  217.20
327.0  219.00
328.0  220.80
329.0  222.60
330.0  224.40
331.0  226.30
332.0  228.10
333.0  229.90
334.0  231.70
335.0  233.50
336.0  235.40
337.0  237.20
338.0  239.00
339.0  240.90
340.0  242.70
341.0  244.60
342.0  246.40
343.0  248.30
344.0  250.10
345.0  252.00
346.0  253.80
347.0  255.70
348.0  257.60
349.0  259.40
350.0  261.30
351.0  263.20
352.0  265.10
353.0  267.00
354.0  268.90
355.0  270.70
356.0  272.60
357.0  274.50
358.0  276.40
359.0  278.40
360.0  280.30
361.0  282.20
362.0  284.10
363.0  286.00
364.0  287.90
365.0  289.90
366.0  291.80
367.0  293.70
368.0  295.70
369.0  297.60
370.0  299.60
371.0  301.50
372.0  303.50
373.0  305.40
