молоко цельное сгущенное с сахаром
0.195
213.0    0.00
214.0    2.16
215.0    4.32
216.0    6.48
217.0    8.65
218.0   10.82
219.0   12.99
220.0   15.17
221.0   17.36
222.0   19.55
223.0   21.75
224.0   23.95
225.0   26.16
226.0   28.39
227.0   30.62
228.0   32.86
229.0   35.12
230.0   37.39
231.0   39.68
232.0   41.99
233.0   44.33
234.0   46.69
235.0   49.10
236.0   51.54
237.0   54.05
238.0   56.62
239.0   59.30
240.0   62.11
241.0   65.13
242.0   68.46
243.0   72.34
244.0   77.29
245.0   85.04
246.0  106.35
246.2  118.99
248.0  122.69
249.0  124.69
250.0  126.79
251.0  128.89
252.0  130.99
253.0  133.09
254.0  135.19
255.0  137.29
256.0  139.39
257.0  141.49
258.0  143.59
259.0  145.69
260.0  147.79
261.0  149.89
262.0  151.99
263.0  154.09
264.0  156.19
265.0  158.39
266.0  160.49
267.0  162.59
268.0  164.79
269.0  166.89
270.0  169.09
271.0  171.29
272.0  173.49
273.0  175.69
274.0  177.99
275.0  180.19
276.0  182.49
277.0  184.69
278.0  186.89
279.0  188.99
280.0  191.19
281.0  193.39
282.0  195.59
283.0  197.89
284.0  200.09
285.0  202.29
286.0  204.59
287.0  206.89
288.0  209.19
289.0  211.29
290.0  213.89
291.0  216.39
292.0  218.79
293.0  221.19
294.0  223.49
295.0  225.69
296.0  227.99
297.0  230.19
298.0  232.49
299.0  234.69
300.0  236.99
301.0  239.19
302.0  241.29
303.0  243.79
304.0  246.09
305.0  248.29
306.0  250.59
307.0  252.89
308.0  255.19
309.0  257.49
310.0  259.69
311.0  261.89
312.0  264.09
313.0  266.29
314.0  268.29
315.0  270.69
316.0  272.69
317.0  275.09
318.0  277.29
319.0  279.49
320.0  281.69
321.0  283.89
322.0  286.19
323.0  288.39
324.0  290.59
325.0  292.79
326.0  294.99
327.0  297.29
328.0  299.49
329.0  301.69
330.0  303.99
331.0  306.19
332.0  308.49
333.0  310.69
334.0  312.99
335.0  315.19
336.0  317.49
337.0  319.69
338.0  321.99
339.0  324.79
340.0  326.59
341.0  328.79
342.0  331.09
343.0  333.39
344.0  335.69
345.0  337.99
346.0  340.29
347.0  342.59
348.0  344.89
349.0  347.19
350.0  349.59
351.0  351.89
352.0  354.19
353.0  356.59
354.0  358.89
355.0  361.29
356.0  363.59
357.0  365.99
358.0  368.79
359.0  370.69
360.0  373.09
361.0  375.39
362.0  377.79
363.0  380.19
364.0  382.59
365.0  384.99
366.0  387.39
367.0  389.79
368.0  392.19
369.0  394.59
370.0  397.09
371.0  399.49
372.0  401.89
373.0  404.39
