перец
0.920
213.0    0.00
214.0    2.24
215.0    4.48
216.0    6.73
217.0    8.98
218.0   11.24
219.0   13.50
220.0   15.77
221.0   18.05
222.0   20.33
223.0   22.62
224.0   24.92
225.0   27.22
226.0   29.54
227.0   31.86
228.0   34.19
229.0   36.53
230.0   38.88
231.0   41.24
232.0   43.61
233.0   46.00
234.0   48.39
235.0   50.80
236.0   53.22
237.0   55.66
238.0   58.12
239.0   60.59
240.0   63.08
241.0   65.59
242.0   68.12
243.0   70.67
244.0   73.25
245.0   75.86
246.0   78.50
247.0   81.17
248.0   83.87
249.0   86.62
250.0   89.41
251.0   92.25
252.0   95.14
253.0   98.10
254.0  101.12
255.0  104.23
256.0  107.43
257.0  110.74
258.0  114.17
259.0  117.76
260.0  121.52
261.0  125.50
262.0  129.76
263.0  134.36
264.0  139.42
265.0  145.09
266.0  151.60
267.0  159.37
268.0  169.14
269.0  182.39
270.0  202.88
271.0  243.52
272.0  412.35
273.0  416.33
274.0  420.30
275.0  424.27
276.0  428.25
277.0  432.22
278.0  436.19
279.0  440.17
280.0  444.14
281.0  448.11
282.0  452.08
283.0  456.06
284.0  460.03
285.0  464.00
286.0  467.98
287.0  471.95
288.0  475.92
289.0  479.90
290.0  483.87
291.0  487.84
292.0  491.81
293.0  495.79
294.0  499.76
295.0  503.73
296.0  507.71
297.0  511.68
298.0  515.65
299.0  519.63
300.0  523.60
301.0  527.57
302.0  531.54
303.0  535.52
304.0  539.49
305.0  543.46
306.0  547.44
307.0  551.41
308.0  555.38
309.0  559.36
310.0  563.33
311.0  567.30
312.0  571.27
313.0  575.25
314.0  579.22
315.0  583.19
316.0  587.17
317.0  591.14
318.0  595.11
319.0  599.09
320.0  603.06
321.0  607.03
322.0  611.00
323.0  614.98
324.0  618.95
325.0  622.92
326.0  626.90
327.0  630.87
328.0  634.84
329.0  638.82
330.0  642.79
331.0  646.76
332.0  650.73
333.0  654.71
334.0  658.68
335.0  662.65
336.0  666.63
337.0  670.60
338.0  674.57
339.0  678.55
340.0  682.52
341.0  686.49
342.0  690.46
343.0  694.44
344.0  698.41
345.0  702.38
346.0  706.36
347.0  710.33
348.0  714.30
349.0  718.28
350.0  722.25
351.0  726.22
352.0  730.19
353.0  734.17
354.0  738.14
355.0  742.11
356.0  746.09
357.0  750.06
358.0  754.03
359.0  758.01
360.0  761.98
361.0  765.95
362.0  769.92
363.0  773.90
364.0  777.87
365.0  781.84
366.0  785.82
367.0  789.79
368.0  793.76
369.0  797.74
370.0  801.71
371.0  805.68
372.0  809.65
373.0  813.63
