пикша
0.870
213.0    0.00
214.0    1.76
215.0    3.53
216.0    5.31
217.0    7.08
218.0    8.87
219.0   10.66
220.0   12.45
221.0   14.26
222.0   16.06
223.0   17.88
224.0   19.70
225.0   21.53
226.0   23.37
227.0   25.22
228.0   27.07
229.0   28.93
230.0   30.81
231.0   32.69
232.0   34.59
233.0   36.49
234.0   38.41
235.0   40.34
236.0   42.28
237.0   44.24
238.0   46.22
239.0   48.21
240.0   50.22
241.0   52.24
242.0   54.29
243.0   56.36
244.0   58.46
245.0   60.58
246.0   62.73
247.0   64.91
248.0   67.12
249.0   69.38
250.0   71.67
251.0   74.01
252.0   76.41
253.0   78.86
254.0   81.38
255.0   83.98
256.0   86.66
257.0   89.45
258.0   92.35
259.0   95.39
260.0   98.61
261.0  102.03
262.0  105.70
263.0  109.70
264.0  114.11
265.0  119.09
266.0  124.85
267.0  131.75
268.0  140.45
269.0  152.27
270.0  170.39
271.0  205.40
272.0  332.74
272.1  370.62
274.0  377.67
275.0  381.38
276.0  385.08
277.0  388.79
278.0  392.50
279.0  396.21
280.0  399.92
281.0  403.62
282.0  407.33
283.0  411.04
284.0  414.75
285.0  418.46
286.0  422.16
287.0  425.87
288.0  429.58
289.0  433.29
290.0  437.00
291.0  440.70
292.0  444.41
293.0  448.12
294.0  451.83
295.0  455.54
296.0  459.24
297.0  462.95
298.0  466.66
299.0  470.37
300.0  474.08
301.0  477.78
302.0  481.49
303.0  485.20
304.0  488.91
305.0  492.62
306.0  496.32
307.0  500.03
308.0  503.74
309.0  507.45
310.0  511.16
311.0  514.86
312.0  518.57
313.0  522.28
314.0  525.99
315.0  529.70
316.0  533.40
317.0  537.11
318.0  540.82
319.0  544.53
320.0  548.24
321.0  551.94
322.0  555.65
323.0  559.36
324.0  563.07
325.0  566.78
326.0  570.48
327.0  574.19
328.0  577.90
329.0  581.61
330.0  585.32
331.0  589.02
332.0  592.73
333.0  596.44
334.0  600.15
335.0  603.86
336.0  607.56
337.0  611.27
338.0  614.98
339.0  618.69
340.0  622.40
341.0  626.10
342.0  629.81
343.0  633.52
344.0  637.23
345.0  640.94
346.0  644.64
347.0  648.35
348.0  652.06
349.0  655.77
350.0  659.48
351.0  663.18
352.0  666.89
353.0  670.60
354.0  674.31
355.0  678.02
356.0  681.72
357.0  685.43
358.0  689.14
359.0  692.85
360.0  696.56
361.0  700.26
362.0  703.97
363.0  707.68
364.0  711.39
365.0  715.10
366.0  718.80
367.0  722.51
368.0  726.22
369.0  729.93
370.0  733.64
371.0  737.34
372.0  741.05
373.0  744.76
