поджелудочная железа
0.700
213.0    0.00
214.0    2.29
215.0    4.59
216.0    6.89
217.0    9.20
218.0   11.50
219.0   13.82
220.0   16.14
221.0   18.46
222.0   20.79
223.0   23.12
224.0   25.46
225.0   27.80
226.0   30.15
227.0   32.51
228.0   34.87
229.0   37.25
230.0   39.62
231.0   42.01
232.0   44.40
233.0   46.81
234.0   49.22
235.0   51.64
236.0   54.08
237.0   56.52
238.0   58.98
239.0   61.45
240.0   63.93
241.0   66.43
242.0   68.95
243.0   71.48
244.0   74.03
245.0   76.60
246.0   79.20
247.0   81.81
248.0   84.46
249.0   87.13
250.0   89.84
251.0   92.59
252.0   95.37
253.0   98.21
254.0  101.09
255.0  104.04
256.0  107.05
257.0  110.14
258.0  113.33
259.0  116.62
260.0  120.05
261.0  123.64
262.0  127.43
263.0  131.47
264.0  135.83
265.0  140.64
266.0  146.04
267.0  152.33
268.0  159.99
269.0  170.00
270.0  184.70
271.0  211.45
272.0  296.56
272.2  349.42
274.0  355.95
275.0  359.58
276.0  363.20
277.0  366.83
278.0  370.46
279.0  374.09
280.0  377.71
281.0  381.34
282.0  384.97
283.0  388.59
284.0  392.22
285.0  395.85
286.0  399.47
287.0  403.10
288.0  406.73
289.0  410.36
290.0  413.98
291.0  417.61
292.0  421.24
293.0  424.86
294.0  428.49
295.0  432.12
296.0  435.74
297.0  439.37
298.0  443.00
299.0  446.63
300.0  450.25
301.0  453.88
302.0  457.51
303.0  461.13
304.0  464.76
305.0  468.39
306.0  472.01
307.0  475.64
308.0  479.27
309.0  482.90
310.0  486.52
311.0  490.15
312.0  493.78
313.0  497.40
314.0  501.03
315.0  504.66
316.0  508.28
317.0  511.91
318.0  515.54
319.0  519.17
320.0  522.79
321.0  526.42
322.0  530.05
323.0  533.67
324.0  537.30
325.0  540.93
326.0  544.55
327.0  548.18
328.0  551.81
329.0  555.44
330.0  559.06
331.0  562.69
332.0  566.32
333.0  569.94
334.0  573.57
335.0  577.20
336.0  580.82
337.0  584.45
338.0  588.08
339.0  591.71
340.0  595.33
341.0  598.96
342.0  602.59
343.0  606.21
344.0  609.84
345.0  613.47
346.0  617.09
347.0  620.72
348.0  624.35
349.0  627.98
350.0  631.60
351.0  635.23
352.0  638.86
353.0  642.48
354.0  646.11
355.0  649.74
356.0  653.36
357.0  656.99
358.0  660.62
359.0  664.25
360.0  667.87
361.0  671.50
362.0  675.13
363.0  678.75
364.0  682.38
365.0  686.01
366.0  689.63
367.0  693.26
368.0  696.89
369.0  700.52
370.0  704.14
371.0  707.77
372.0  711.40
373.0  715.02
