свекла
0.880
213.0    0.00
214.0    2.20
215.0    4.41
216.0    6.63
217.0    8.85
218.0   11.07
219.0   13.31
220.0   15.54
221.0   17.79
222.0   20.04
223.0   22.29
224.0   24.56
225.0   26.83
226.0   29.11
227.0   31.40
228.0   33.69
229.0   36.00
230.0   38.32
231.0   40.64
232.0   42.98
233.0   45.33
234.0   47.69
235.0   50.07
236.0   52.45
237.0   54.86
238.0   57.28
239.0   59.71
240.0   62.17
241.0   64.65
242.0   67.14
243.0   69.66
244.0   72.21
245.0   74.78
246.0   77.39
247.0   80.02
248.0   82.70
249.0   85.41
250.0   88.17
251.0   90.99
252.0   93.85
253.0   96.79
254.0   99.79
255.0  102.88
256.0  106.07
257.0  109.38
258.0  112.81
259.0  116.41
260.0  120.21
261.0  124.25
262.0  128.60
263.0  133.35
264.0  138.62
265.0  144.62
266.0  151.68
267.0  160.38
268.0  171.84
269.0  188.72
270.0  219.07
271.0  308.16
271.3  395.36
273.0  401.92
274.0  405.79
275.0  409.65
276.0  413.51
277.0  417.38
278.0  421.24
279.0  425.10
280.0  428.97
281.0  432.83
282.0  436.69
283.0  440.55
284.0  444.42
285.0  448.28
286.0  452.14
287.0  456.01
288.0  459.87
289.0  463.73
290.0  467.60
291.0  471.46
292.0  475.32
293.0  479.18
294.0  483.05
295.0  486.91
296.0  490.77
297.0  494.64
298.0  498.50
299.0  502.36
300.0  506.23
301.0  510.09
302.0  513.95
303.0  517.81
304.0  521.68
305.0  525.54
306.0  529.40
307.0  533.27
308.0  537.13
309.0  540.99
310.0  544.86
311.0  548.72
312.0  552.58
313.0  556.44
314.0  560.31
315.0  564.17
316.0  568.03
317.0  571.90
318.0  575.76
319.0  579.62
320.0  583.49
321.0  587.35
322.0  591.21
323.0  595.07
324.0  598.94
325.0  602.80
326.0  606.66
327.0  610.53
328.0  614.39
329.0  618.25
330.0  622.12
331.0  625.98
332.0  629.84
333.0  633.70
334.0  637.57
335.0  641.43
336.0  645.29
337.0  649.16
338.0  653.02
339.0  656.88
340.0  660.75
341.0  664.61
342.0  668.47
343.0  672.33
344.0  676.20
345.0  680.06
346.0  683.92
347.0  687.79
348.0  691.65
349.0  695.51
350.0  699.38
351.0  703.24
352.0  707.10
353.0  710.96
354.0  714.83
355.0  718.69
356.0  722.55
357.0  726.42
358.0  730.28
359.0  734.14
360.0  738.01
361.0  741.87
362.0  745.73
363.0  749.59
364.0  753.46
365.0  757.32
366.0  761.18
367.0  765.05
368.0  768.91
369.0  772.77
370.0  776.64
371.0  780.50
372.0  784.36
373.0  788.22
