сливки 10%
0.870
213.0    0.00
214.0    1.94
215.0    3.89
216.0    5.84
217.0    7.80
218.0    9.76
219.0   11.73
220.0   13.71
221.0   15.69
222.0   17.68
223.0   19.67
224.0   21.67
225.0   23.68
226.0   25.69
227.0   27.72
228.0   29.75
229.0   31.79
230.0   33.84
231.0   35.90
232.0   37.97
233.0   40.05
234.0   42.14
235.0   44.24
236.0   46.36
237.0   48.49
238.0   50.64
239.0   52.80
240.0   54.98
241.0   57.17
242.0   59.39
243.0   61.62
244.0   63.88
245.0   66.17
246.0   68.48
247.0   70.82
248.0   73.19
249.0   75.60
250.0   78.04
251.0   80.53
252.0   83.07
253.0   85.66
254.0   88.30
255.0   91.02
256.0   93.82
257.0   96.70
258.0   99.69
259.0  102.80
260.0  106.05
261.0  109.48
262.0  113.12
263.0  117.02
264.0  121.25
265.0  125.92
266.0  131.17
267.0  137.24
268.0  144.50
269.0  153.67
270.0  166.17
271.0  185.57
272.0  224.19
273.0  384.92
274.0  388.82
275.0  392.82
276.0  396.72
277.0  400.62
278.0  404.52
279.0  408.42
280.0  412.22
281.0  416.12
282.0  420.02
283.0  423.92
284.0  427.82
285.0  431.72
286.0  435.72
287.0  439.62
288.0  443.62
289.0  447.62
290.0  451.72
291.0  455.92
292.0  460.02
293.0  464.02
294.0  468.02
295.0  471.92
296.0  475.82
297.0  479.72
298.0  483.62
299.0  487.52
300.0  491.32
301.0  495.02
302.0  499.12
303.0  503.12
304.0  507.02
305.0  510.92
306.0  514.82
307.0  518.82
308.0  522.72
309.0  526.52
310.0  530.42
311.0  534.22
312.0  538.02
313.0  541.82
314.0  545.72
315.0  549.52
316.0  553.32
317.0  557.12
318.0  560.92
319.0  564.72
320.0  568.52
321.0  572.32
322.0  576.22
323.0  580.02
324.0  583.82
325.0  587.62
326.0  591.52
327.0  595.32
328.0  599.12
329.0  603.02
330.0  606.82
331.0  610.72
332.0  614.52
333.0  618.42
334.0  622.32
335.0  626.12
336.0  630.02
337.0  633.92
338.0  637.82
339.0  641.72
340.0  645.62
341.0  649.52
342.0  653.42
343.0  657.32
344.0  660.92
345.0  665.22
346.0  669.12
347.0  673.12
348.0  677.02
349.0  681.02
350.0  684.92
351.0  688.92
352.0  692.92
353.0  696.92
354.0  700.92
355.0  704.92
356.0  708.92
357.0  712.92
358.0  717.02
359.0  721.02
360.0  725.12
361.0  729.12
362.0  733.02
363.0  737.22
364.0  741.32
365.0  745.42
366.0  749.52
367.0  753.62
368.0  757.82
369.0  761.92
370.0  766.02
371.0  770.22
372.0  774.32
373.0  778.52
