сметана 10% жирности
0.820
213.0    0.00
214.0    1.92
215.0    3.85
216.0    5.78
217.0    7.71
218.0    9.65
219.0   11.59
220.0   13.53
221.0   15.48
222.0   17.43
223.0   19.38
224.0   21.34
225.0   23.30
226.0   25.27
227.0   27.25
228.0   29.23
229.0   31.22
230.0   33.21
231.0   35.21
232.0   37.22
233.0   39.23
234.0   41.26
235.0   43.29
236.0   45.34
237.0   47.39
238.0   49.46
239.0   51.54
240.0   53.64
241.0   55.75
242.0   57.88
243.0   60.02
244.0   62.19
245.0   64.38
246.0   66.60
247.0   68.84
248.0   71.11
249.0   73.43
250.0   75.78
251.0   78.18
252.0   80.62
253.0   83.13
254.0   85.71
255.0   88.37
256.0   91.13
257.0   94.00
258.0   97.00
259.0  100.17
260.0  103.54
261.0  107.16
262.0  111.11
263.0  115.47
264.0  120.39
265.0  126.07
266.0  132.84
267.0  141.25
268.0  152.27
269.0  167.87
270.0  192.60
271.0  240.16
272.0  379.02
273.0  383.02
274.0  387.02
275.0  390.92
276.0  394.82
277.0  398.72
278.0  402.62
279.0  406.52
280.0  410.32
281.0  414.22
282.0  418.12
283.0  422.12
284.0  426.02
285.0  429.92
286.0  433.82
287.0  437.72
288.0  441.72
289.0  445.82
290.0  449.92
291.0  454.02
292.0  458.12
293.0  462.22
294.0  466.12
295.0  470.02
296.0  473.92
297.0  477.82
298.0  481.72
299.0  485.62
300.0  489.52
301.0  493.42
302.0  497.32
303.0  501.22
304.0  505.12
305.0  509.02
306.0  513.02
307.0  516.92
308.0  520.82
309.0  524.72
310.0  528.52
311.0  532.32
312.0  536.22
313.0  540.02
314.0  543.82
315.0  547.62
316.0  551.42
317.0  555.22
318.0  559.02
319.0  562.82
320.0  566.72
321.0  570.52
322.0  574.32
323.0  578.12
324.0  581.92
325.0  585.82
326.0  589.62
327.0  593.42
328.0  597.32
329.0  601.12
330.0  605.02
331.0  608.82
332.0  612.72
333.0  616.52
334.0  620.42
335.0  624.32
336.0  628.22
337.0  632.02
338.0  635.92
339.0  639.82
340.0  643.72
341.0  647.62
342.0  651.52
343.0  655.52
344.0  659.42
345.0  663.32
346.0  667.32
347.0  671.22
348.0  675.22
349.0  679.12
350.0  683.12
351.0  687.12
352.0  691.02
353.0  695.02
354.0  699.02
355.0  703.02
356.0  707.12
357.0  711.12
358.0  715.12
359.0  719.12
360.0  723.22
361.0  727.32
362.0  731.32
363.0  735.42
364.0  739.52
365.0  743.62
366.0  747.72
367.0  751.82
368.0  755.92
369.0  760.02
370.0  764.22
371.0  768.32
372.0  772.52
373.0  776.72
