сок томатный
0.910
213.0    0.00
214.0    2.23
215.0    4.46
216.0    6.70
217.0    8.94
218.0   11.19
219.0   13.44
220.0   15.70
221.0   17.97
222.0   20.24
223.0   22.52
224.0   24.81
225.0   27.10
226.0   29.41
227.0   31.72
228.0   34.04
229.0   36.37
230.0   38.71
231.0   41.06
232.0   43.43
233.0   45.80
234.0   48.19
235.0   50.59
236.0   53.00
237.0   55.43
238.0   57.88
239.0   60.34
240.0   62.83
241.0   65.33
242.0   67.86
243.0   70.41
244.0   72.98
245.0   75.59
246.0   78.22
247.0   80.89
248.0   83.60
249.0   86.34
250.0   89.14
251.0   91.98
252.0   94.88
253.0   97.85
254.0  100.89
255.0  104.02
256.0  107.24
257.0  110.58
258.0  114.06
259.0  117.70
260.0  121.53
261.0  125.60
262.0  129.98
263.0  134.75
264.0  140.03
265.0  146.01
266.0  153.01
267.0  161.55
268.0  172.66
269.0  188.59
270.0  215.81
271.0  284.70
271.5  406.59
273.0  412.50
274.0  416.45
275.0  420.39
276.0  424.34
277.0  428.28
278.0  432.23
279.0  436.17
280.0  440.12
281.0  444.06
282.0  448.01
283.0  451.95
284.0  455.90
285.0  459.84
286.0  463.79
287.0  467.73
288.0  471.68
289.0  475.62
290.0  479.57
291.0  483.51
292.0  487.46
293.0  491.40
294.0  495.35
295.0  499.29
296.0  503.24
297.0  507.18
298.0  511.13
299.0  515.07
300.0  519.02
301.0  522.96
302.0  526.91
303.0  530.85
304.0  534.80
305.0  538.74
306.0  542.69
307.0  546.63
308.0  550.58
309.0  554.52
310.0  558.47
311.0  562.41
312.0  566.36
313.0  570.30
314.0  574.25
315.0  578.19
316.0  582.14
317.0  586.08
318.0  590.03
319.0  593.97
320.0  597.92
321.0  601.86
322.0  605.81
323.0  609.75
324.0  613.70
325.0  617.64
326.0  621.59
327.0  625.53
328.0  629.48
329.0  633.42
330.0  637.37
331.0  641.31
332.0  645.26
333.0  649.20
334.0  653.15
335.0  657.09
336.0  661.04
337.0  664.98
338.0  668.93
339.0  672.87
340.0  676.82
341.0  680.76
342.0  684.71
343.0  688.65
344.0  692.60
345.0  696.54
346.0  700.49
347.0  704.43
348.0  708.38
349.0  712.32
350.0  716.27
351.0  720.21
352.0  724.16
353.0  728.10
354.0  732.05
355.0  735.99
356.0  739.94
357.0  743.88
358.0  747.83
359.0  751.77
360.0  755.72
361.0  759.66
362.0  763.61
363.0  767.55
364.0  771.50
365.0  775.44
366.0  779.39
367.0  783.33
368.0  787.28
369.0  791.22
370.0  795.17
371.0  799.11
372.0  803.06
373.0  807.00
