сыр костромской
0.370
213.0    0.00
214.0    2.65
215.0    5.30
216.0    7.96
217.0   10.62
218.0   13.28
219.0   15.94
220.0   18.61
221.0   21.28
222.0   23.96
223.0   26.63
224.0   29.32
225.0   32.00
226.0   34.69
227.0   37.39
228.0   40.09
229.0   42.80
230.0   45.51
231.0   48.23
232.0   50.95
233.0   53.68
234.0   56.42
235.0   59.17
236.0   61.93
237.0   64.69
238.0   67.47
239.0   70.26
240.0   73.06
241.0   75.87
242.0   78.70
243.0   81.55
244.0   84.41
245.0   87.30
246.0   90.21
247.0   93.15
248.0   96.12
249.0   99.12
250.0  102.16
251.0  105.26
252.0  108.41
253.0  111.63
254.0  114.93
255.0  118.34
256.0  121.88
257.0  125.60
258.0  129.55
259.0  133.82
260.0  138.58
261.0  144.11
262.0  150.97
263.0  160.61
264.0  178.00
265.0  244.71
266.0  248.61
267.0  251.81
268.0  255.01
269.0  258.31
270.0  261.71
271.0  265.11
272.0  268.71
273.0  272.41
274.0  276.11
275.0  279.71
276.0  283.31
277.0  286.81
278.0  290.01
279.0  293.51
280.0  296.81
281.0  300.11
282.0  303.61
283.0  307.31
284.0  310.81
285.0  314.41
286.0  318.21
287.0  321.81
288.0  325.61
289.0  329.71
290.0  334.21
291.0  338.91
292.0  343.41
293.0  347.51
294.0  351.31
295.0  354.91
296.0  358.41
297.0  361.91
298.0  365.51
299.0  368.91
300.0  372.31
301.0  375.71
302.0  379.21
303.0  382.81
304.0  386.51
305.0  390.11
306.0  393.71
307.0  397.31
308.0  400.81
309.0  404.21
310.0  407.41
311.0  410.51
312.0  413.61
313.0  416.71
314.0  419.71
315.0  422.71
316.0  425.71
317.0  428.71
318.0  431.71
319.0  434.71
320.0  437.71
321.0  440.61
322.0  443.61
323.0  446.61
324.0  449.61
325.0  452.51
326.0  455.51
327.0  458.51
328.0  461.41
329.0  464.41
330.0  467.41
331.0  470.41
332.0  473.41
333.0  476.31
334.0  479.31
335.0  482.31
336.0  485.31
337.0  488.31
338.0  491.31
339.0  494.31
340.0  497.41
341.0  500.41
342.0  503.41
343.0  506.41
344.0  509.51
345.0  512.51
346.0  515.51
347.0  518.61
348.0  521.61
349.0  524.71
350.0  527.71
351.0  530.81
352.0  533.91
353.0  537.01
354.0  540.11
355.0  543.21
356.0  546.21
357.0  549.41
358.0  552.51
359.0  555.61
360.0  558.71
361.0  561.81
362.0  565.01
363.0  568.11
364.0  571.31
365.0  574.41
366.0  577.61
367.0  580.81
368.0  583.91
369.0  587.11
370.0  590.31
371.0  593.51
372.0  596.71
373.0  599.91
