סנ קוההונ
0.450
213.0    0.00
214.0    2.14
215.0    4.29
216.0    6.45
217.0    8.61
218.0   10.78
219.0   12.96
220.0   15.14
221.0   17.33
222.0   19.52
223.0   21.73
224.0   23.94
225.0   26.17
226.0   28.40
227.0   30.64
228.0   32.90
229.0   35.16
230.0   37.44
231.0   39.74
232.0   42.05
233.0   44.37
234.0   46.71
235.0   49.07
236.0   51.45
237.0   53.85
238.0   56.28
239.0   58.73
240.0   61.20
241.0   63.71
242.0   66.25
243.0   68.83
244.0   71.44
245.0   74.10
246.0   76.81
247.0   79.58
248.0   82.40
249.0   85.30
250.0   88.27
251.0   91.33
252.0   94.50
253.0   97.77
254.0  101.18
255.0  104.75
256.0  108.50
257.0  112.47
258.0  116.70
259.0  121.25
260.0  126.19
261.0  131.61
262.0  137.66
263.0  144.50
264.0  152.42
265.0  161.81
266.0  173.29
267.0  187.92
268.0  207.58
269.0  236.04
269.5  255.94
271.0  260.84
272.0  264.14
273.0  267.54
274.0  270.94
275.0  274.24
276.0  277.64
277.0  280.84
278.0  284.04
279.0  287.24
280.0  290.44
281.0  293.54
282.0  296.84
283.0  300.24
284.0  303.44
285.0  306.84
286.0  310.24
287.0  313.54
288.0  317.04
289.0  320.64
290.0  324.54
291.0  328.44
292.0  332.24
293.0  335.94
294.0  339.34
295.0  342.64
296.0  345.94
297.0  348.84
298.0  352.54
299.0  355.74
300.0  358.94
301.0  362.24
302.0  365.54
303.0  368.84
304.0  372.24
305.0  375.64
306.0  378.94
307.0  382.24
308.0  385.54
309.0  388.74
310.0  391.94
311.0  394.94
312.0  397.84
313.0  400.84
314.0  404.14
315.0  407.14
316.0  410.14
317.0  413.14
318.0  416.14
319.0  419.14
320.0  422.14
321.0  425.14
322.0  428.14
323.0  431.14
324.0  434.14
325.0  437.24
326.0  440.24
327.0  443.24
328.0  446.24
329.0  449.24
330.0  452.24
331.0  455.34
332.0  458.34
333.0  461.34
334.0  464.34
335.0  467.44
336.0  470.54
337.0  473.54
338.0  476.64
339.0  479.64
340.0  482.74
341.0  485.84
342.0  488.84
343.0  491.94
344.0  495.04
345.0  498.04
346.0  501.24
347.0  504.34
348.0  507.44
349.0  510.54
350.0  513.64
351.0  516.74
352.0  519.84
353.0  523.04
354.0  526.14
355.0  529.34
356.0  532.44
357.0  535.64
358.0  538.74
359.0  541.94
360.0  545.14
361.0  548.34
362.0  551.54
363.0  554.74
364.0  557.94
365.0  561.14
366.0  564.34
367.0  567.54
368.0  570.84
369.0  574.04
370.0  577.24
371.0  580.54
372.0  583.84
373.0  587.04
