сыр колбасный копченый
0.510
213.0    0.00
214.0    2.04
215.0    4.08
216.0    6.13
217.0    8.19
218.0   10.25
219.0   12.32
220.0   14.40
221.0   16.49
222.0   18.59
223.0   20.69
224.0   22.81
225.0   24.93
226.0   27.07
227.0   29.22
228.0   31.39
229.0   33.56
230.0   35.75
231.0   37.96
232.0   40.18
233.0   42.42
234.0   44.68
235.0   46.96
236.0   49.27
237.0   51.60
238.0   53.95
239.0   56.33
240.0   58.75
241.0   61.20
242.0   63.68
243.0   66.21
244.0   68.78
245.0   71.41
246.0   74.09
247.0   76.83
248.0   79.64
249.0   82.53
250.0   85.50
251.0   88.58
252.0   91.77
253.0   95.09
254.0   98.57
255.0  102.22
256.0  106.08
257.0  110.19
258.0  114.59
259.0  119.35
260.0  124.56
261.0  130.31
262.0  136.77
263.0  144.14
264.0  152.72
265.0  162.97
266.0  175.60
267.0  191.80
268.0  213.69
269.0  245.55
269.5  267.96
271.0  272.76
272.0  276.06
273.0  279.36
274.0  282.66
275.0  285.96
276.0  289.16
277.0  292.46
278.0  295.66
279.0  298.86
280.0  301.96
281.0  305.16
282.0  308.36
283.0  311.76
284.0  314.96
285.0  318.26
286.0  321.56
287.0  324.86
288.0  328.16
289.0  331.66
290.0  335.16
291.0  338.86
292.0  342.36
293.0  345.86
294.0  349.16
295.0  352.46
296.0  355.76
297.0  358.96
298.0  362.26
299.0  365.46
300.0  368.66
301.0  371.86
302.0  375.16
303.0  378.46
304.0  381.76
305.0  385.06
306.0  388.36
307.0  391.36
308.0  394.86
309.0  398.06
310.0  401.26
311.0  404.36
312.0  407.36
313.0  410.66
314.0  413.76
315.0  416.86
316.0  419.96
317.0  423.06
318.0  426.16
319.0  429.26
320.0  432.46
321.0  435.36
322.0  438.66
323.0  441.76
324.0  444.86
325.0  447.96
326.0  451.16
327.0  454.26
328.0  457.36
329.0  460.46
330.0  463.66
331.0  466.76
332.0  469.96
333.0  473.06
334.0  476.26
335.0  479.76
336.0  482.56
337.0  485.66
338.0  488.86
339.0  492.06
340.0  495.26
341.0  498.56
342.0  501.56
343.0  504.76
344.0  507.96
345.0  511.16
346.0  514.36
347.0  517.66
348.0  520.86
349.0  524.06
350.0  527.26
351.0  530.56
352.0  533.76
353.0  537.06
354.0  540.26
355.0  543.36
356.0  546.86
357.0  550.16
358.0  553.36
359.0  556.66
360.0  559.96
361.0  563.26
362.0  566.66
363.0  569.96
364.0  573.26
365.0  576.56
366.0  579.96
367.0  583.26
368.0  586.66
369.0  590.06
370.0  593.36
371.0  596.76
372.0  600.16
373.0  603.56
