творог м€гкий диетический 13%
0.760
213.0    0.00
214.0    1.98
215.0    3.97
216.0    5.96
217.0    7.96
218.0    9.96
219.0   11.96
220.0   13.98
221.0   15.99
222.0   18.01
223.0   20.04
224.0   22.08
225.0   24.12
226.0   26.16
227.0   28.22
228.0   30.28
229.0   32.35
230.0   34.43
231.0   36.51
232.0   38.61
233.0   40.71
234.0   42.83
235.0   44.95
236.0   47.09
237.0   49.24
238.0   51.41
239.0   53.58
240.0   55.78
241.0   57.99
242.0   60.21
243.0   62.46
244.0   64.73
245.0   67.01
246.0   69.33
247.0   71.67
248.0   74.03
249.0   76.43
250.0   78.87
251.0   81.34
252.0   83.86
253.0   86.43
254.0   89.05
255.0   91.74
256.0   94.50
257.0   97.34
258.0  100.28
259.0  103.33
260.0  106.53
261.0  109.89
262.0  113.45
263.0  117.27
264.0  121.42
265.0  126.00
266.0  131.18
267.0  137.21
268.0  144.55
269.0  154.05
270.0  167.61
271.0  190.68
272.0  248.81
272.5  351.49
274.0  356.99
275.0  360.69
276.0  364.39
277.0  368.09
278.0  371.69
279.0  375.29
280.0  378.89
281.0  382.49
282.0  386.19
283.0  389.89
284.0  393.59
285.0  397.19
286.0  400.99
287.0  404.59
288.0  408.39
289.0  412.19
290.0  416.09
291.0  419.99
292.0  423.89
293.0  427.69
294.0  431.49
295.0  435.09
296.0  438.79
297.0  442.39
298.0  446.09
299.0  449.79
300.0  453.39
301.0  456.99
302.0  460.69
303.0  464.39
304.0  468.09
305.0  471.79
306.0  475.49
307.0  479.19
308.0  482.79
309.0  486.49
310.0  490.09
311.0  493.69
312.0  497.19
313.0  500.79
314.0  504.39
315.0  507.89
316.0  511.49
317.0  515.09
318.0  518.59
319.0  522.19
320.0  525.79
321.0  529.29
322.0  532.89
323.0  536.49
324.0  539.99
325.0  543.59
326.0  547.19
327.0  550.79
328.0  554.39
329.0  557.99
330.0  561.59
331.0  565.19
332.0  568.59
333.0  572.39
334.0  575.99
335.0  579.59
336.0  583.29
337.0  586.89
338.0  590.49
339.0  594.19
340.0  597.79
341.0  601.49
342.0  605.09
343.0  608.79
344.0  612.49
345.0  616.19
346.0  619.79
347.0  623.49
348.0  627.19
349.0  630.89
350.0  634.69
351.0  638.39
352.0  642.09
353.0  645.79
354.0  649.59
355.0  651.29
356.0  657.09
357.0  660.79
358.0  664.59
359.0  668.39
360.0  672.19
361.0  675.99
362.0  679.79
363.0  683.59
364.0  687.39
365.0  691.19
366.0  695.09
367.0  698.89
368.0  702.79
369.0  706.59
370.0  710.49
371.0  714.39
372.0  718.29
373.0  722.19
