творог крестьянский 5%
0.760
213.0    0.00
214.0    2.08
215.0    4.16
216.0    6.24
217.0    8.33
218.0   10.42
219.0   12.52
220.0   14.62
221.0   16.73
222.0   18.84
223.0   20.96
224.0   23.09
225.0   25.22
226.0   27.36
227.0   29.51
228.0   31.66
229.0   33.82
230.0   35.99
231.0   38.17
232.0   40.35
233.0   42.55
234.0   44.75
235.0   46.97
236.0   49.20
237.0   51.44
238.0   53.69
239.0   55.96
240.0   58.24
241.0   60.54
242.0   62.86
243.0   65.19
244.0   67.55
245.0   69.93
246.0   72.33
247.0   74.76
248.0   77.21
249.0   79.70
250.0   82.22
251.0   84.78
252.0   87.39
253.0   90.04
254.0   92.75
255.0   95.53
256.0   98.37
257.0  101.30
258.0  104.32
259.0  107.46
260.0  110.74
261.0  114.18
262.0  117.82
263.0  121.72
264.0  125.95
265.0  130.62
266.0  135.87
267.0  141.99
268.0  149.40
269.0  158.96
270.0  172.59
271.0  195.72
272.0  253.89
272.5  356.55
274.0  361.95
275.0  365.55
276.0  369.15
277.0  372.75
278.0  376.35
279.0  379.95
280.0  383.45
281.0  387.05
282.0  390.65
283.0  394.25
284.0  397.85
285.0  401.45
286.0  405.05
287.0  408.65
288.0  412.25
289.0  415.95
290.0  419.65
291.0  423.35
292.0  427.05
293.0  430.65
294.0  434.25
295.0  437.85
296.0  441.45
297.0  445.05
298.0  448.65
299.0  452.25
300.0  455.85
301.0  459.45
302.0  462.95
303.0  466.65
304.0  470.25
305.0  473.85
306.0  477.45
307.0  481.05
308.0  484.65
309.0  488.25
310.0  491.85
311.0  495.35
312.0  498.95
313.0  502.55
314.0  506.05
315.0  509.65
316.0  513.15
317.0  516.75
318.0  520.35
319.0  523.95
320.0  527.45
321.0  531.05
322.0  534.65
323.0  538.25
324.0  541.85
325.0  545.35
326.0  548.95
327.0  552.55
328.0  556.15
329.0  559.75
330.0  563.45
331.0  567.05
332.0  570.65
333.0  574.25
334.0  577.95
335.0  581.55
336.0  585.15
337.0  588.85
338.0  592.45
339.0  596.15
340.0  599.75
341.0  603.45
342.0  607.15
343.0  610.85
344.0  614.55
345.0  618.15
346.0  621.85
347.0  625.65
348.0  629.35
349.0  633.05
350.0  636.75
351.0  640.45
352.0  644.25
353.0  647.95
354.0  651.75
355.0  655.35
356.0  659.25
357.0  663.05
358.0  666.85
359.0  670.65
360.0  674.45
361.0  678.25
362.0  682.05
363.0  685.85
364.0  689.75
365.0  693.55
366.0  697.45
367.0  701.25
368.0  705.15
369.0  709.05
370.0  712.95
371.0  716.85
372.0  720.75
373.0  724.65
