творог диетический
0.800
213.0    0.00
214.0    1.97
215.0    3.93
216.0    5.91
217.0    7.89
218.0    9.87
219.0   11.86
220.0   13.86
221.0   15.86
222.0   17.86
223.0   19.87
224.0   21.89
225.0   23.92
226.0   25.95
227.0   27.99
228.0   30.04
229.0   32.10
230.0   34.16
231.0   36.24
232.0   38.32
233.0   40.41
234.0   42.52
235.0   44.64
236.0   46.76
237.0   48.91
238.0   51.06
239.0   53.23
240.0   55.42
241.0   57.62
242.0   59.85
243.0   62.09
244.0   64.35
245.0   66.64
246.0   68.95
247.0   71.29
248.0   73.66
249.0   76.07
250.0   78.51
251.0   80.99
252.0   83.52
253.0   86.11
254.0   88.75
255.0   91.45
256.0   94.24
257.0   97.11
258.0  100.08
259.0  103.18
260.0  106.42
261.0  109.83
262.0  113.46
263.0  117.36
264.0  121.61
265.0  126.31
266.0  131.65
267.0  137.88
268.0  145.48
269.0  155.36
270.0  169.52
271.0  193.69
272.0  254.77
272.5  362.74
274.0  368.64
275.0  372.44
276.0  376.14
277.0  379.94
278.0  383.64
279.0  387.34
280.0  391.14
281.0  394.84
282.0  398.54
283.0  402.34
284.0  406.14
285.0  409.84
286.0  413.64
287.0  417.44
288.0  421.34
289.0  425.24
290.0  429.24
291.0  433.24
292.0  437.24
293.0  441.14
294.0  444.94
295.0  448.74
296.0  452.44
297.0  456.24
298.0  459.94
299.0  463.74
300.0  467.44
301.0  471.14
302.0  474.94
303.0  478.74
304.0  482.54
305.0  486.24
306.0  490.04
307.0  493.84
308.0  497.64
309.0  501.34
310.0  505.04
311.0  508.74
312.0  512.34
313.0  516.04
314.0  519.64
315.0  523.34
316.0  527.04
317.0  530.64
318.0  534.34
319.0  537.94
320.0  541.64
321.0  545.24
322.0  548.94
323.0  552.64
324.0  556.24
325.0  559.94
326.0  563.64
327.0  567.34
328.0  570.94
329.0  574.64
330.0  578.34
331.0  582.04
332.0  585.74
333.0  589.44
334.0  593.14
335.0  596.84
336.0  600.64
337.0  604.34
338.0  608.04
339.0  611.74
340.0  615.54
341.0  619.24
342.0  623.04
343.0  626.74
344.0  630.54
345.0  634.34
346.0  638.14
347.0  641.84
348.0  645.64
349.0  649.44
350.0  653.24
351.0  657.14
352.0  660.94
353.0  664.74
354.0  668.54
355.0  672.44
356.0  676.24
357.0  680.14
358.0  684.04
359.0  687.84
360.0  691.74
361.0  695.64
362.0  699.54
363.0  703.44
364.0  707.34
365.0  711.34
366.0  715.24
367.0  719.14
368.0  723.14
369.0  727.04
370.0  731.04
371.0  735.04
372.0  739.04
373.0  743.04
