телятина тощая
0.805
213.0    0.00
214.0    1.94
215.0    3.88
216.0    5.83
217.0    7.78
218.0    9.74
219.0   11.70
220.0   13.67
221.0   15.64
222.0   17.62
223.0   19.60
224.0   21.60
225.0   23.59
226.0   25.60
227.0   27.61
228.0   29.63
229.0   31.66
230.0   33.70
231.0   35.75
232.0   37.81
233.0   39.87
234.0   41.95
235.0   44.04
236.0   46.14
237.0   48.26
238.0   50.39
239.0   52.53
240.0   54.69
241.0   56.87
242.0   59.07
243.0   61.29
244.0   63.53
245.0   65.79
246.0   68.08
247.0   70.40
248.0   72.75
249.0   75.13
250.0   77.55
251.0   80.02
252.0   82.53
253.0   85.09
254.0   87.72
255.0   90.41
256.0   93.19
257.0   96.06
258.0   99.03
259.0  102.13
260.0  105.39
261.0  108.83
262.0  112.50
263.0  116.46
264.0  120.80
265.0  125.64
266.0  131.17
267.0  137.73
268.0  145.86
269.0  156.71
270.0  172.94
271.0  203.05
272.0  300.31
272.2  360.99
274.0  367.50
275.0  371.12
276.0  374.73
277.0  378.35
278.0  381.97
279.0  385.59
280.0  389.21
281.0  392.82
282.0  396.44
283.0  400.06
284.0  403.68
285.0  407.30
286.0  410.91
287.0  414.53
288.0  418.15
289.0  421.77
290.0  425.39
291.0  429.00
292.0  432.62
293.0  436.24
294.0  439.86
295.0  443.48
296.0  447.09
297.0  450.71
298.0  454.33
299.0  457.95
300.0  461.57
301.0  465.18
302.0  468.80
303.0  472.42
304.0  476.04
305.0  479.66
306.0  483.27
307.0  486.89
308.0  490.51
309.0  494.13
310.0  497.75
311.0  501.36
312.0  504.98
313.0  508.60
314.0  512.22
315.0  515.84
316.0  519.45
317.0  523.07
318.0  526.69
319.0  530.31
320.0  533.93
321.0  537.54
322.0  541.16
323.0  544.78
324.0  548.40
325.0  552.02
326.0  555.63
327.0  559.25
328.0  562.87
329.0  566.49
330.0  570.11
331.0  573.72
332.0  577.34
333.0  580.96
334.0  584.58
335.0  588.20
336.0  591.81
337.0  595.43
338.0  599.05
339.0  602.67
340.0  606.29
341.0  609.90
342.0  613.52
343.0  617.14
344.0  620.76
345.0  624.38
346.0  627.99
347.0  631.61
348.0  635.23
349.0  638.85
350.0  642.47
351.0  646.08
352.0  649.70
353.0  653.32
354.0  656.94
355.0  660.56
356.0  664.17
357.0  667.79
358.0  671.41
359.0  675.03
360.0  678.65
361.0  682.26
362.0  685.88
363.0  689.50
364.0  693.12
365.0  696.74
366.0  700.35
367.0  703.97
368.0  707.59
369.0  711.21
370.0  714.83
371.0  718.44
372.0  722.06
373.0  725.68
