треска
0.820
213.0    0.00
214.0    1.78
215.0    3.57
216.0    5.36
217.0    7.16
218.0    8.96
219.0   10.77
220.0   12.58
221.0   14.40
222.0   16.23
223.0   18.06
224.0   19.90
225.0   21.74
226.0   23.60
227.0   25.46
228.0   27.33
229.0   29.20
230.0   31.09
231.0   32.99
232.0   34.89
233.0   36.81
234.0   38.74
235.0   40.68
236.0   42.63
237.0   44.60
238.0   46.58
239.0   48.58
240.0   50.59
241.0   52.63
242.0   54.68
243.0   56.75
244.0   58.85
245.0   60.97
246.0   63.12
247.0   65.29
248.0   67.50
249.0   69.75
250.0   72.04
251.0   74.37
252.0   76.74
253.0   79.18
254.0   81.68
255.0   84.25
256.0   86.90
257.0   89.65
258.0   92.51
259.0   95.50
260.0   98.65
261.0  102.00
262.0  105.59
263.0  109.48
264.0  113.76
265.0  118.58
266.0  124.13
267.0  130.77
268.0  139.09
269.0  150.36
270.0  167.58
271.0  200.70
272.0  320.86
272.1  356.59
274.0  363.53
275.0  367.19
276.0  370.85
277.0  374.50
278.0  378.16
279.0  381.81
280.0  385.47
281.0  389.13
282.0  392.78
283.0  396.44
284.0  400.09
285.0  403.75
286.0  407.41
287.0  411.06
288.0  414.72
289.0  418.37
290.0  422.03
291.0  425.69
292.0  429.34
293.0  433.00
294.0  436.65
295.0  440.31
296.0  443.97
297.0  447.62
298.0  451.28
299.0  454.93
300.0  458.59
301.0  462.25
302.0  465.90
303.0  469.56
304.0  473.21
305.0  476.87
306.0  480.53
307.0  484.18
308.0  487.84
309.0  491.49
310.0  495.15
311.0  498.81
312.0  502.46
313.0  506.12
314.0  509.77
315.0  513.43
316.0  517.09
317.0  520.74
318.0  524.40
319.0  528.05
320.0  531.71
321.0  535.37
322.0  539.02
323.0  542.68
324.0  546.33
325.0  549.99
326.0  553.65
327.0  557.30
328.0  560.96
329.0  564.61
330.0  568.27
331.0  571.93
332.0  575.58
333.0  579.24
334.0  582.89
335.0  586.55
336.0  590.21
337.0  593.86
338.0  597.52
339.0  601.17
340.0  604.83
341.0  608.49
342.0  612.14
343.0  615.80
344.0  619.45
345.0  623.11
346.0  626.77
347.0  630.42
348.0  634.08
349.0  637.73
350.0  641.39
351.0  645.05
352.0  648.70
353.0  652.36
354.0  656.01
355.0  659.67
356.0  663.33
357.0  666.98
358.0  670.64
359.0  674.29
360.0  677.95
361.0  681.61
362.0  685.26
363.0  688.92
364.0  692.57
365.0  696.23
366.0  699.89
367.0  703.54
368.0  707.20
369.0  710.85
370.0  714.51
371.0  718.17
372.0  721.82
373.0  725.48
