чеснок
0.650
213.0    0.00
214.0    2.01
215.0    4.03
216.0    6.05
217.0    8.08
218.0   10.10
219.0   12.14
220.0   14.17
221.0   16.22
222.0   18.26
223.0   20.32
224.0   22.37
225.0   24.44
226.0   26.51
227.0   28.58
228.0   30.66
229.0   32.75
230.0   34.85
231.0   36.95
232.0   39.07
233.0   41.19
234.0   43.32
235.0   45.46
236.0   47.61
237.0   49.77
238.0   51.95
239.0   54.13
240.0   56.33
241.0   58.55
242.0   60.78
243.0   63.03
244.0   65.30
245.0   67.59
246.0   69.91
247.0   72.25
248.0   74.61
249.0   77.01
250.0   79.44
251.0   81.92
252.0   84.43
253.0   87.00
254.0   89.62
255.0   92.30
256.0   95.06
257.0   97.91
258.0  100.87
259.0  103.95
260.0  107.19
261.0  110.62
262.0  114.29
263.0  118.28
264.0  122.70
265.0  127.71
266.0  133.61
267.0  140.90
268.0  150.65
269.0  165.47
270.0  194.44
271.0  313.42
272.0  316.66
273.0  319.90
274.0  323.13
275.0  326.37
276.0  329.61
277.0  332.85
278.0  336.09
279.0  339.32
280.0  342.56
281.0  345.80
282.0  349.04
283.0  352.28
284.0  355.51
285.0  358.75
286.0  361.99
287.0  365.23
288.0  368.47
289.0  371.70
290.0  374.94
291.0  378.18
292.0  381.42
293.0  384.66
294.0  387.89
295.0  391.13
296.0  394.37
297.0  397.61
298.0  400.85
299.0  404.08
300.0  407.32
301.0  410.56
302.0  413.80
303.0  417.04
304.0  420.27
305.0  423.51
306.0  426.75
307.0  429.99
308.0  433.23
309.0  436.46
310.0  439.70
311.0  442.94
312.0  446.18
313.0  449.42
314.0  452.65
315.0  455.89
316.0  459.13
317.0  462.37
318.0  465.61
319.0  468.84
320.0  472.08
321.0  475.32
322.0  478.56
323.0  481.80
324.0  485.03
325.0  488.27
326.0  491.51
327.0  494.75
328.0  497.99
329.0  501.22
330.0  504.46
331.0  507.70
332.0  510.94
333.0  514.18
334.0  517.41
335.0  520.65
336.0  523.89
337.0  527.13
338.0  530.37
339.0  533.60
340.0  536.84
341.0  540.08
342.0  543.32
343.0  546.56
344.0  549.79
345.0  553.03
346.0  556.27
347.0  559.51
348.0  562.75
349.0  565.98
350.0  569.22
351.0  572.46
352.0  575.70
353.0  578.94
354.0  582.17
355.0  585.41
356.0  588.65
357.0  591.89
358.0  595.13
359.0  598.36
360.0  601.60
361.0  604.84
362.0  608.08
363.0  611.32
364.0  614.55
365.0  617.79
366.0  621.03
367.0  624.27
368.0  627.51
369.0  630.74
370.0  633.98
371.0  637.22
372.0  640.46
373.0  643.70
