кофе со сгущенным молоком и сахаром
0.220
213.0    0.00
214.0    2.18
215.0    4.36
216.0    6.54
217.0    8.73
218.0   10.92
219.0   13.12
220.0   15.32
221.0   17.53
222.0   19.74
223.0   21.96
224.0   24.19
225.0   26.43
226.0   28.68
227.0   30.94
228.0   33.21
229.0   35.50
230.0   37.81
231.0   40.13
232.0   42.47
233.0   44.85
234.0   47.25
235.0   49.69
236.0   52.18
237.0   54.73
238.0   57.36
239.0   60.09
240.0   62.96
241.0   66.04
242.0   69.42
243.0   73.32
244.0   78.19
245.0   85.35
246.0  100.96
246.5  126.60
248.0  129.90
249.0  132.00
250.0  134.20
251.0  136.30
252.0  138.50
253.0  140.60
254.0  142.80
255.0  144.90
256.0  147.10
257.0  149.20
258.0  151.40
259.0  153.40
260.0  155.70
261.0  157.90
262.0  160.10
263.0  162.30
264.0  164.40
265.0  166.60
266.0  168.80
267.0  170.80
268.0  173.20
269.0  175.40
270.0  177.60
271.0  179.90
272.0  182.10
273.0  184.40
274.0  186.70
275.0  189.00
276.0  191.20
277.0  193.50
278.0  195.70
279.0  198.00
280.0  200.20
281.0  202.40
282.0  204.70
283.0  207.00
284.0  209.20
285.0  211.50
286.0  213.80
287.0  216.10
288.0  218.40
289.0  220.80
290.0  223.20
291.0  225.70
292.0  228.10
293.0  230.50
294.0  232.90
295.0  235.20
296.0  237.40
297.0  239.70
298.0  242.00
299.0  244.30
300.0  246.90
301.0  248.90
302.0  251.20
303.0  253.50
304.0  255.90
305.0  258.20
306.0  260.50
307.0  262.80
308.0  265.20
309.0  267.50
310.0  269.70
311.0  272.00
312.0  274.30
313.0  276.50
314.0  278.80
315.0  281.00
316.0  283.30
317.0  285.60
318.0  287.80
319.0  290.10
320.0  292.40
321.0  294.60
322.0  296.90
323.0  299.20
324.0  301.50
325.0  303.80
326.0  306.00
327.0  308.30
328.0  310.60
329.0  312.90
330.0  315.10
331.0  317.50
332.0  319.80
333.0  322.20
334.0  324.50
335.0  326.80
336.0  329.10
337.0  331.40
338.0  333.80
339.0  336.10
340.0  338.50
341.0  340.80
342.0  343.10
343.0  345.50
344.0  347.90
345.0  350.20
346.0  352.60
347.0  355.00
348.0  357.30
349.0  359.70
350.0  362.10
351.0  364.50
352.0  366.90
353.0  369.30
354.0  371.70
355.0  374.10
356.0  376.50
357.0  378.90
358.0  381.40
359.0  383.80
360.0  386.20
361.0  388.70
362.0  391.10
363.0  393.60
364.0  396.00
365.0  398.50
366.0  401.00
367.0  403.50
368.0  405.90
369.0  408.40
370.0  410.90
371.0  413.40
372.0  415.90
373.0  418.40
