столовая вареная 
0.650
213.0    0.00
214.0    2.28
215.0    4.57
216.0    6.86
217.0    9.15
218.0   11.45
219.0   13.75
220.0   16.06
221.0   18.37
222.0   20.68
223.0   23.00
224.0   25.33
225.0   27.66
226.0   30.00
227.0   32.34
228.0   34.69
229.0   37.05
230.0   39.41
231.0   41.79
232.0   44.17
233.0   46.56
234.0   48.95
235.0   51.36
236.0   53.78
237.0   56.21
238.0   58.65
239.0   61.10
240.0   63.57
241.0   66.06
242.0   68.55
243.0   71.07
244.0   73.61
245.0   76.16
246.0   78.74
247.0   81.34
248.0   83.97
249.0   86.64
250.0   89.33
251.0   92.06
252.0   94.84
253.0   97.66
254.0  100.54
255.0  103.48
256.0  106.50
257.0  109.60
258.0  112.80
259.0  116.13
260.0  119.60
261.0  123.26
262.0  127.15
263.0  131.34
264.0  135.93
265.0  141.08
266.0  147.04
267.0  154.27
268.0  163.67
269.0  177.38
270.0  202.22
271.0  280.92
271.2  329.76
273.0  336.56
274.0  340.46
275.0  344.26
276.0  348.16
277.0  351.96
278.0  355.76
279.0  359.46
280.0  363.16
281.0  366.76
282.0  370.46
283.0  373.96
284.0  377.56
285.0  381.06
286.0  384.56
287.0  388.06
288.0  391.56
289.0  395.06
290.0  398.56
291.0  402.06
292.0  405.56
293.0  409.16
294.0  412.76
295.0  416.46
296.0  420.16
297.0  423.96
298.0  427.86
299.0  431.86
300.0  435.86
301.0  439.86
302.0  443.76
303.0  447.66
304.0  451.46
305.0  455.16
306.0  458.76
307.0  462.36
308.0  465.86
309.0  469.26
310.0  472.76
311.0  476.16
312.0  479.56
313.0  483.76
314.0  486.26
315.0  489.56
316.0  492.86
317.0  496.26
318.0  499.56
319.0  502.86
320.0  506.16
321.0  509.46
322.0  512.76
323.0  516.06
324.0  519.36
325.0  522.66
326.0  525.96
327.0  529.26
328.0  532.56
329.0  535.96
330.0  539.26
331.0  542.56
332.0  545.86
333.0  549.16
334.0  552.46
335.0  555.86
336.0  559.16
337.0  562.46
338.0  565.76
339.0  570.16
340.0  572.46
341.0  575.86
342.0  579.16
343.0  582.56
344.0  585.86
345.0  589.26
346.0  592.66
347.0  595.96
348.0  599.36
349.0  602.76
350.0  606.16
351.0  609.56
352.0  612.96
353.0  616.36
354.0  619.76
355.0  623.16
356.0  626.56
357.0  630.06
358.0  633.46
359.0  636.96
360.0  640.36
361.0  643.86
362.0  647.26
363.0  650.76
364.0  654.26
365.0  657.76
366.0  661.26
367.0  664.76
368.0  668.26
369.0  671.76
370.0  675.26
371.0  678.86
372.0  682.36
373.0  685.86
