лимоны
0.890
213.0    0.00
214.0    2.22
215.0    4.44
216.0    6.67
217.0    8.90
218.0   11.13
219.0   13.38
220.0   15.63
221.0   17.88
222.0   20.15
223.0   22.42
224.0   24.69
225.0   26.98
226.0   29.27
227.0   31.57
228.0   33.88
229.0   36.20
230.0   38.53
231.0   40.86
232.0   43.21
233.0   45.58
234.0   47.95
235.0   50.34
236.0   52.74
237.0   55.16
238.0   57.59
239.0   60.04
240.0   62.51
241.0   65.00
242.0   67.51
243.0   70.04
244.0   72.60
245.0   75.19
246.0   77.81
247.0   80.46
248.0   83.15
249.0   85.88
250.0   88.65
251.0   91.48
252.0   94.36
253.0   97.31
254.0  100.33
255.0  103.43
256.0  106.63
257.0  109.95
258.0  113.40
259.0  117.01
260.0  120.82
261.0  124.87
262.0  129.22
263.0  133.96
264.0  139.22
265.0  145.19
266.0  152.19
267.0  160.78
268.0  172.01
269.0  188.31
270.0  216.86
271.0  294.22
271.4  399.49
273.0  405.72
274.0  409.61
275.0  413.50
276.0  417.39
277.0  421.28
278.0  425.17
279.0  429.06
280.0  432.95
281.0  436.84
282.0  440.74
283.0  444.63
284.0  448.52
285.0  452.41
286.0  456.30
287.0  460.19
288.0  464.08
289.0  467.97
290.0  471.86
291.0  475.75
292.0  479.65
293.0  483.54
294.0  487.43
295.0  491.32
296.0  495.21
297.0  499.10
298.0  502.99
299.0  506.88
300.0  510.77
301.0  514.66
302.0  518.56
303.0  522.45
304.0  526.34
305.0  530.23
306.0  534.12
307.0  538.01
308.0  541.90
309.0  545.79
310.0  549.68
311.0  553.57
312.0  557.47
313.0  561.36
314.0  565.25
315.0  569.14
316.0  573.03
317.0  576.92
318.0  580.81
319.0  584.70
320.0  588.59
321.0  592.48
322.0  596.38
323.0  600.27
324.0  604.16
325.0  608.05
326.0  611.94
327.0  615.83
328.0  619.72
329.0  623.61
330.0  627.50
331.0  631.39
332.0  635.29
333.0  639.18
334.0  643.07
335.0  646.96
336.0  650.85
337.0  654.74
338.0  658.63
339.0  662.52
340.0  666.41
341.0  670.30
342.0  674.20
343.0  678.09
344.0  681.98
345.0  685.87
346.0  689.76
347.0  693.65
348.0  697.54
349.0  701.43
350.0  705.32
351.0  709.21
352.0  713.11
353.0  717.00
354.0  720.89
355.0  724.78
356.0  728.67
357.0  732.56
358.0  736.45
359.0  740.34
360.0  744.23
361.0  748.12
362.0  752.02
363.0  755.91
364.0  759.80
365.0  763.69
366.0  767.58
367.0  771.47
368.0  775.36
369.0  779.25
370.0  783.14
371.0  787.03
372.0  790.93
373.0  794.82
