масло сливочное подсырное
0.190
213.0    0.00
214.0    2.08
215.0    4.16
216.0    6.24
217.0    8.32
218.0   10.40
219.0   12.49
220.0   14.57
221.0   16.66
222.0   18.75
223.0   20.84
224.0   22.93
225.0   25.03
226.0   27.12
227.0   29.22
228.0   31.33
229.0   33.43
230.0   35.53
231.0   37.64
232.0   39.75
233.0   41.87
234.0   43.98
235.0   46.10
236.0   48.23
237.0   50.35
238.0   52.49
239.0   54.62
240.0   56.76
241.0   58.90
242.0   61.05
243.0   63.20
244.0   65.36
245.0   67.53
246.0   69.70
247.0   71.88
248.0   74.06
249.0   76.26
250.0   78.46
251.0   80.68
252.0   82.90
253.0   85.14
254.0   87.40
255.0   89.67
256.0   91.95
257.0   94.26
258.0   96.60
259.0   98.96
260.0  101.35
261.0  103.79
262.0  106.27
263.0  108.82
264.0  111.44
265.0  114.16
266.0  117.01
267.0  120.04
268.0  123.35
269.0  127.08
270.0  131.55
271.0  137.54
272.0  147.78
273.0  184.82
274.0  188.62
275.0  192.42
276.0  196.02
277.0  199.42
278.0  202.72
279.0  205.82
280.0  208.92
281.0  211.92
282.0  215.32
283.0  219.32
284.0  222.72
285.0  226.32
286.0  230.22
287.0  233.92
288.0  238.02
289.0  242.62
290.0  247.92
291.0  253.52
292.0  258.82
293.0  263.42
294.0  267.52
295.0  271.12
296.0  274.52
297.0  277.92
298.0  281.52
299.0  284.82
300.0  288.02
301.0  291.42
302.0  294.92
303.0  298.52
304.0  302.32
305.0  306.02
306.0  309.52
307.0  313.12
308.0  316.72
309.0  319.82
310.0  322.72
311.0  325.52
312.0  328.12
313.0  330.72
314.0  333.32
315.0  335.82
316.0  338.32
317.0  340.82
318.0  343.22
319.0  345.72
320.0  348.12
321.0  350.62
322.0  353.02
323.0  355.42
324.0  357.82
325.0  360.22
326.0  362.62
327.0  365.02
328.0  367.42
329.0  369.82
330.0  372.32
331.0  374.72
332.0  377.12
333.0  379.52
334.0  381.92
335.0  384.32
336.0  386.72
337.0  389.12
338.0  391.62
339.0  394.02
340.0  396.42
341.0  398.82
342.0  401.32
343.0  403.72
344.0  406.12
345.0  408.62
346.0  411.02
347.0  413.52
348.0  415.92
349.0  418.42
350.0  420.82
351.0  423.32
352.0  425.82
353.0  428.32
354.0  430.72
355.0  433.22
356.0  435.72
357.0  438.22
358.0  440.72
359.0  443.22
360.0  445.72
361.0  448.22
362.0  450.72
363.0  453.32
364.0  455.82
365.0  458.32
366.0  460.92
367.0  463.42
368.0  466.02
369.0  468.52
370.0  471.12
371.0  473.72
372.0  476.22
373.0  478.82
