масло любительское
0.225
213.0    0.00
214.0    2.13
215.0    4.26
216.0    6.40
217.0    8.54
218.0   10.67
219.0   12.81
220.0   14.95
221.0   17.10
222.0   19.24
223.0   21.39
224.0   23.54
225.0   25.69
226.0   27.84
227.0   30.00
228.0   32.15
229.0   34.31
230.0   36.48
231.0   38.64
232.0   40.81
233.0   42.98
234.0   45.16
235.0   47.34
236.0   49.52
237.0   51.71
238.0   53.90
239.0   56.09
240.0   58.29
241.0   60.50
242.0   62.71
243.0   64.93
244.0   67.15
245.0   69.38
246.0   71.62
247.0   73.86
248.0   76.12
249.0   78.38
250.0   80.66
251.0   82.95
252.0   85.25
253.0   87.56
254.0   89.89
255.0   92.24
256.0   94.61
257.0   97.01
258.0   99.43
259.0  101.89
260.0  104.38
261.0  106.93
262.0  109.53
263.0  112.20
264.0  114.95
265.0  117.83
266.0  120.85
267.0  124.10
268.0  127.66
269.0  131.72
270.0  136.65
271.0  143.38
272.0  155.11
273.0  198.54
274.0  202.34
275.0  206.14
276.0  209.74
277.0  213.14
278.0  216.44
279.0  219.54
280.0  222.64
281.0  225.74
282.0  229.14
283.0  233.04
284.0  236.54
285.0  240.14
286.0  244.04
287.0  247.74
288.0  251.74
289.0  256.34
290.0  261.44
291.0  266.94
292.0  272.14
293.0  276.74
294.0  280.74
295.0  284.34
296.0  287.74
297.0  291.14
298.0  294.74
299.0  298.04
300.0  301.34
301.0  305.14
302.0  308.14
303.0  311.84
304.0  315.54
305.0  319.24
306.0  322.84
307.0  326.34
308.0  329.94
309.0  333.14
310.0  336.04
311.0  338.84
312.0  341.54
313.0  344.24
314.0  346.84
315.0  349.44
316.0  352.04
317.0  354.54
318.0  357.14
319.0  359.54
320.0  362.14
321.0  364.64
322.0  367.14
323.0  369.64
324.0  372.14
325.0  374.64
326.0  377.14
327.0  379.64
328.0  382.14
329.0  384.64
330.0  387.04
331.0  389.54
332.0  392.04
333.0  394.54
334.0  397.04
335.0  399.54
336.0  402.04
337.0  404.54
338.0  407.04
339.0  409.54
340.0  412.04
341.0  414.54
342.0  417.04
343.0  419.64
344.0  422.14
345.0  424.84
346.0  427.14
347.0  429.74
348.0  432.24
349.0  434.84
350.0  437.34
351.0  439.94
352.0  442.44
353.0  445.04
354.0  447.54
355.0  450.14
356.0  452.74
357.0  455.34
358.0  457.94
359.0  460.54
360.0  463.14
361.0  465.74
362.0  468.74
363.0  470.94
364.0  473.54
365.0  476.14
366.0  478.74
367.0  481.44
368.0  484.04
369.0  486.74
370.0  489.34
371.0  492.04
372.0  494.74
373.0  497.34
