молоко обезжиренное сухое
0.040
213.0    0.00
214.0    1.70
215.0    3.30
216.0    4.90
217.0    6.60
218.0    8.20
219.0    9.80
220.0   11.40
221.0   13.10
222.0   14.70
223.0   16.30
224.0   17.90
225.0   19.60
226.0   21.20
227.0   22.80
228.0   24.50
229.0   26.10
230.0   27.70
231.0   29.30
232.0   31.00
233.0   32.60
234.0   34.20
235.0   35.90
236.0   37.50
237.0   39.00
238.0   40.40
239.0   41.80
240.0   43.30
241.0   44.70
242.0   46.20
243.0   47.60
244.0   49.00
245.0   50.50
246.0   51.90
247.0   53.40
248.0   54.90
249.0   56.30
250.0   57.80
251.0   59.20
252.0   60.70
253.0   62.20
254.0   63.60
255.0   65.10
256.0   66.60
257.0   68.10
258.0   69.60
259.0   71.10
260.0   72.50
261.0   74.00
262.0   75.50
263.0   77.00
264.0   78.50
265.0   80.00
266.0   81.50
267.0   83.00
268.0   84.60
269.0   86.10
270.0   87.60
271.0   89.10
272.0   90.60
273.0   92.20
274.0   93.70
275.0   95.20
276.0   96.80
277.0   98.30
278.0   99.80
279.0  101.40
280.0  103.20
281.0  104.50
282.0  106.00
283.0  107.60
284.0  109.10
285.0  110.70
286.0  112.30
287.0  113.80
288.0  115.40
289.0  117.00
290.0  118.60
291.0  120.10
292.0  121.70
293.0  123.30
294.0  124.90
295.0  126.50
296.0  128.10
297.0  129.70
298.0  131.30
299.0  132.90
300.0  134.50
301.0  136.10
302.0  137.70
303.0  139.30
304.0  140.90
305.0  142.60
306.0  144.20
307.0  145.80
308.0  147.40
309.0  149.10
310.0  150.70
311.0  152.30
312.0  154.00
313.0  155.60
314.0  157.30
315.0  158.90
316.0  160.60
317.0  162.20
318.0  163.90
319.0  166.10
320.0  167.20
321.0  168.90
322.0  170.60
323.0  172.30
324.0  173.90
325.0  175.60
326.0  177.30
327.0  179.00
328.0  180.70
329.0  182.40
330.0  184.10
331.0  185.80
332.0  187.50
333.0  189.20
334.0  190.90
335.0  192.60
336.0  194.40
337.0  196.10
338.0  197.80
339.0  199.50
340.0  201.30
341.0  203.00
342.0  204.70
343.0  206.50
344.0  208.20
345.0  210.00
346.0  211.70
347.0  213.50
348.0  215.20
349.0  217.00
350.0  218.80
351.0  220.50
352.0  222.30
353.0  224.10
354.0  225.90
355.0  227.60
356.0  229.40
357.0  231.20
358.0  233.00
359.0  234.80
360.0  236.60
361.0  238.40
362.0  240.20
363.0  242.00
364.0  243.80
365.0  245.60
366.0  247.50
367.0  249.30
368.0  251.10
369.0  252.90
370.0  254.80
371.0  256.60
372.0  258.40
373.0  260.30
