молоко сгущенное стерилиз (банка)
0.670
213.0    0.00
214.0    2.05
215.0    4.11
216.0    6.17
217.0    8.23
218.0   10.30
219.0   12.37
220.0   14.45
221.0   16.53
222.0   18.62
223.0   20.71
224.0   22.80
225.0   24.91
226.0   27.01
227.0   29.13
228.0   31.25
229.0   33.37
230.0   35.51
231.0   37.65
232.0   39.80
233.0   41.95
234.0   44.12
235.0   46.30
236.0   48.48
237.0   50.68
238.0   52.88
239.0   55.10
240.0   57.33
241.0   59.58
242.0   61.84
243.0   64.11
244.0   66.41
245.0   68.72
246.0   71.05
247.0   73.41
248.0   75.79
249.0   78.19
250.0   80.63
251.0   83.10
252.0   85.60
253.0   88.15
254.0   90.74
255.0   93.38
256.0   96.08
257.0   98.85
258.0  101.71
259.0  104.65
260.0  107.70
261.0  110.89
262.0  114.24
263.0  117.79
264.0  121.60
265.0  125.74
266.0  130.32
267.0  135.54
268.0  141.67
269.0  149.27
270.0  159.44
271.0  174.90
272.0  205.16
273.0  329.44
274.0  332.94
275.0  336.34
276.0  339.84
277.0  343.24
278.0  346.64
279.0  350.04
280.0  353.44
281.0  356.64
282.0  360.24
283.0  363.74
284.0  367.14
285.0  370.64
286.0  374.04
287.0  377.54
288.0  380.94
289.0  384.54
290.0  388.14
291.0  391.74
292.0  395.34
293.0  398.84
294.0  402.34
295.0  405.84
296.0  409.24
297.0  412.64
298.0  416.04
299.0  419.54
300.0  422.94
301.0  426.34
302.0  429.74
303.0  433.24
304.0  436.74
305.0  440.14
306.0  443.64
307.0  447.04
308.0  450.54
309.0  453.94
310.0  457.34
311.0  460.74
312.0  464.14
313.0  467.44
314.0  470.84
315.0  474.24
316.0  477.64
317.0  480.94
318.0  484.34
319.0  487.74
320.0  491.14
321.0  494.54
322.0  497.84
323.0  501.24
324.0  504.64
325.0  508.04
326.0  511.44
327.0  514.84
328.0  518.24
329.0  521.64
330.0  525.14
331.0  528.54
332.0  531.94
333.0  535.34
334.0  538.84
335.0  542.24
336.0  545.64
337.0  549.14
338.0  552.54
339.0  556.04
340.0  559.54
341.0  562.94
342.0  566.44
343.0  569.94
344.0  573.44
345.0  576.94
346.0  580.44
347.0  583.94
348.0  587.44
349.0  590.94
350.0  594.44
351.0  598.04
352.0  601.54
353.0  605.04
354.0  608.64
355.0  612.14
356.0  615.74
357.0  619.34
358.0  622.94
359.0  626.44
360.0  630.04
361.0  633.64
362.0  637.34
363.0  640.94
364.0  644.54
365.0  648.14
366.0  651.84
367.0  655.44
368.0  659.14
369.0  662.84
370.0  666.44
371.0  670.14
372.0  673.84
373.0  677.54
