молоко с жирностью 3,6%
0.940
213.0    0.00
214.0    1.85
215.0    3.71
216.0    5.57
217.0    7.44
218.0    9.32
219.0   11.20
220.0   13.09
221.0   14.98
222.0   16.88
223.0   18.79
224.0   20.70
225.0   22.63
226.0   24.56
227.0   26.50
228.0   28.45
229.0   30.40
230.0   32.37
231.0   34.35
232.0   36.34
233.0   38.34
234.0   40.36
235.0   42.38
236.0   44.43
237.0   46.48
238.0   48.55
239.0   50.64
240.0   52.75
241.0   54.88
242.0   57.03
243.0   59.20
244.0   61.39
245.0   63.61
246.0   65.87
247.0   68.15
248.0   70.46
249.0   72.82
250.0   75.22
251.0   77.66
252.0   80.15
253.0   82.70
254.0   85.32
255.0   88.01
256.0   90.79
257.0   93.66
258.0   96.64
259.0   99.76
260.0  103.03
261.0  106.48
262.0  110.17
263.0  114.14
264.0  118.47
265.0  123.27
266.0  128.70
267.0  135.01
268.0  142.61
269.0  152.28
270.0  165.54
271.0  186.26
272.0  227.74
273.0  401.17
274.0  405.07
275.0  409.07
276.0  413.07
277.0  416.97
278.0  420.97
279.0  424.87
280.0  428.77
281.0  432.77
282.0  436.67
283.0  440.67
284.0  444.57
285.0  448.47
286.0  452.47
287.0  456.37
288.0  460.37
289.0  464.37
290.0  468.37
291.0  472.37
292.0  476.37
293.0  480.37
294.0  484.37
295.0  488.27
296.0  492.27
297.0  496.17
298.0  500.17
299.0  504.07
300.0  507.97
301.0  511.87
302.0  515.87
303.0  519.77
304.0  523.77
305.0  527.67
306.0  531.67
307.0  535.57
308.0  539.57
309.0  543.47
310.0  547.37
311.0  551.27
312.0  555.27
313.0  559.17
314.0  563.07
315.0  566.97
316.0  570.97
317.0  574.87
318.0  578.77
319.0  582.67
320.0  586.67
321.0  590.57
322.0  594.87
323.0  598.47
324.0  602.47
325.0  606.37
326.0  610.37
327.0  614.27
328.0  618.27
329.0  622.27
330.0  626.17
331.0  630.17
332.0  634.17
333.0  638.17
334.0  642.17
335.0  646.17
336.0  650.17
337.0  654.17
338.0  658.17
339.0  662.27
340.0  666.27
341.0  670.27
342.0  674.37
343.0  678.37
344.0  682.47
345.0  686.47
346.0  690.57
347.0  694.67
348.0  698.77
349.0  702.87
350.0  706.97
351.0  711.07
352.0  715.17
353.0  719.27
354.0  723.47
355.0  727.57
356.0  731.67
357.0  735.87
358.0  740.07
359.0  744.17
360.0  748.37
361.0  752.57
362.0  756.77
363.0  760.97
364.0  765.27
365.0  769.47
366.0  773.67
367.0  777.97
368.0  782.17
369.0  786.47
370.0  790.77
371.0  795.07
372.0  799.37
373.0  803.67
