морской окунь
0.800
213.0    0.00
214.0    1.81
215.0    3.63
216.0    5.46
217.0    7.29
218.0    9.12
219.0   10.96
220.0   12.80
221.0   14.65
222.0   16.51
223.0   18.37
224.0   20.24
225.0   22.11
226.0   24.00
227.0   25.89
228.0   27.78
229.0   29.69
230.0   31.61
231.0   33.53
232.0   35.47
233.0   37.41
234.0   39.37
235.0   41.34
236.0   43.32
237.0   45.31
238.0   47.32
239.0   49.34
240.0   51.38
241.0   53.44
242.0   55.51
243.0   57.61
244.0   59.73
245.0   61.87
246.0   64.04
247.0   66.24
248.0   68.47
249.0   70.73
250.0   73.04
251.0   75.38
252.0   77.78
253.0   80.23
254.0   82.74
255.0   85.32
256.0   87.98
257.0   90.73
258.0   93.59
259.0   96.58
260.0   99.73
261.0  103.07
262.0  106.64
263.0  110.51
264.0  114.76
265.0  119.53
266.0  125.01
267.0  131.55
268.0  139.75
269.0  150.81
270.0  167.66
271.0  200.04
272.0  317.33
272.1  352.18
274.0  359.02
275.0  362.62
276.0  366.21
277.0  369.81
278.0  373.41
279.0  377.01
280.0  380.61
281.0  384.20
282.0  387.80
283.0  391.40
284.0  395.00
285.0  398.60
286.0  402.19
287.0  405.79
288.0  409.39
289.0  412.99
290.0  416.59
291.0  420.18
292.0  423.78
293.0  427.38
294.0  430.98
295.0  434.58
296.0  438.17
297.0  441.77
298.0  445.37
299.0  448.97
300.0  452.57
301.0  456.16
302.0  459.76
303.0  463.36
304.0  466.96
305.0  470.56
306.0  474.15
307.0  477.75
308.0  481.35
309.0  484.95
310.0  488.55
311.0  492.14
312.0  495.74
313.0  499.34
314.0  502.94
315.0  506.54
316.0  510.13
317.0  513.73
318.0  517.33
319.0  520.93
320.0  524.53
321.0  528.12
322.0  531.72
323.0  535.32
324.0  538.92
325.0  542.52
326.0  546.11
327.0  549.71
328.0  553.31
329.0  556.91
330.0  560.51
331.0  564.10
332.0  567.70
333.0  571.30
334.0  574.90
335.0  578.50
336.0  582.09
337.0  585.69
338.0  589.29
339.0  592.89
340.0  596.49
341.0  600.08
342.0  603.68
343.0  607.28
344.0  610.88
345.0  614.48
346.0  618.07
347.0  621.67
348.0  625.27
349.0  628.87
350.0  632.47
351.0  636.06
352.0  639.66
353.0  643.26
354.0  646.86
355.0  650.46
356.0  654.05
357.0  657.65
358.0  661.25
359.0  664.85
360.0  668.45
361.0  672.04
362.0  675.64
363.0  679.24
364.0  682.84
365.0  686.44
366.0  690.03
367.0  693.63
368.0  697.23
369.0  700.83
370.0  704.43
371.0  708.02
372.0  711.62
373.0  715.22
