мороженое пломбир
0.540
213.0    0.00
214.0    1.69
215.0    3.38
216.0    5.08
217.0    6.79
218.0    8.50
219.0   10.22
220.0   11.95
221.0   13.69
222.0   15.44
223.0   17.20
224.0   18.96
225.0   20.74
226.0   22.53
227.0   24.33
228.0   26.15
229.0   27.98
230.0   29.82
231.0   31.68
232.0   33.56
233.0   35.45
234.0   37.37
235.0   39.30
236.0   41.26
237.0   43.24
238.0   45.26
239.0   47.29
240.0   49.37
241.0   51.47
242.0   53.62
243.0   55.80
244.0   58.03
245.0   60.31
246.0   62.65
247.0   65.05
248.0   67.53
249.0   70.08
250.0   72.72
251.0   75.46
252.0   78.31
253.0   81.30
254.0   84.45
255.0   87.77
256.0   91.30
257.0   95.08
258.0   99.15
259.0  103.59
260.0  108.47
261.0  113.91
262.0  120.05
263.0  127.11
264.0  135.38
265.0  145.32
266.0  157.65
267.0  173.56
268.0  195.16
269.0  226.74
269.7  259.61
271.0  263.73
272.0  266.91
273.0  270.10
274.0  273.29
275.0  276.49
276.0  279.70
277.0  283.63
278.0  286.14
279.0  289.37
280.0  292.64
281.0  295.93
282.0  299.24
283.0  302.58
284.0  305.96
285.0  309.38
286.0  312.83
287.0  316.31
288.0  319.82
289.0  323.35
290.0  326.87
291.0  330.32
292.0  333.73
293.0  337.07
294.0  340.35
295.0  343.62
296.0  346.89
297.0  350.17
298.0  353.45
299.0  356.73
300.0  360.01
301.0  363.29
302.0  366.57
303.0  369.85
304.0  373.13
305.0  376.41
306.0  379.69
307.0  382.96
308.0  386.22
309.0  389.40
310.0  392.50
311.0  395.59
312.0  398.68
313.0  401.77
314.0  404.86
315.0  407.95
316.0  411.04
317.0  414.13
318.0  417.22
319.0  420.32
320.0  423.42
321.0  426.52
322.0  429.62
323.0  432.72
324.0  435.82
325.0  438.92
326.0  442.03
327.0  445.14
328.0  448.25
329.0  451.36
330.0  454.47
331.0  457.58
332.0  460.69
333.0  463.77
334.0  466.85
335.0  469.92
336.0  472.98
337.0  476.03
338.0  479.08
339.0  482.13
340.0  485.18
341.0  488.23
342.0  491.28
343.0  494.33
344.0  497.33
345.0  500.33
346.0  503.33
347.0  506.33
348.0  509.33
349.0  512.33
350.0  515.33
351.0  518.33
352.0  521.33
353.0  524.33
354.0  527.33
355.0  530.33
356.0  533.33
357.0  536.33
358.0  539.33
359.0  542.33
360.0  545.33
361.0  548.33
362.0  551.33
363.0  554.33
364.0  557.33
365.0  560.33
366.0  563.33
367.0  566.33
368.0  569.33
369.0  572.33
370.0  575.33
371.0  578.33
372.0  581.33
373.0  584.33
