мороженое молочное
0.700
213.0    0.00
214.0    1.94
215.0    3.88
216.0    5.83
217.0    7.79
218.0    9.75
219.0   11.72
220.0   13.70
221.0   15.69
222.0   17.68
223.0   19.68
224.0   21.70
225.0   23.72
226.0   25.75
227.0   27.80
228.0   29.85
229.0   31.92
230.0   34.00
231.0   36.10
232.0   38.22
233.0   40.35
234.0   42.50
235.0   44.67
236.0   46.86
237.0   49.07
238.0   51.31
239.0   53.57
240.0   55.87
241.0   58.20
242.0   60.56
243.0   62.97
244.0   65.42
245.0   67.91
246.0   70.46
247.0   73.07
248.0   75.75
249.0   78.50
250.0   81.33
251.0   84.27
252.0   87.31
253.0   90.48
254.0   93.79
255.0   97.28
256.0  100.97
257.0  104.90
258.0  109.11
259.0  113.67
260.0  118.67
261.0  124.19
262.0  130.40
263.0  137.49
264.0  145.77
265.0  155.67
266.0  167.88
267.0  183.58
268.0  204.83
269.0  235.82
270.0  286.27
270.5  326.08
272.0  331.06
273.0  334.38
274.0  337.69
275.0  341.01
276.0  344.33
277.0  347.64
278.0  350.96
279.0  354.28
280.0  357.60
281.0  360.91
282.0  364.23
283.0  367.55
284.0  370.86
285.0  374.18
286.0  377.50
287.0  380.81
288.0  384.13
289.0  387.45
290.0  390.77
291.0  394.08
292.0  397.40
293.0  400.72
294.0  404.03
295.0  407.35
296.0  410.67
297.0  413.98
298.0  417.30
299.0  420.62
300.0  423.94
301.0  427.25
302.0  430.57
303.0  433.89
304.0  437.20
305.0  440.52
306.0  443.84
307.0  447.15
308.0  450.47
309.0  453.79
310.0  457.11
311.0  460.42
312.0  463.74
313.0  467.06
314.0  470.37
315.0  473.69
316.0  477.01
317.0  480.32
318.0  483.64
319.0  486.96
320.0  490.28
321.0  493.59
322.0  496.91
323.0  500.23
324.0  503.54
325.0  506.86
326.0  510.18
327.0  513.49
328.0  516.81
329.0  520.13
330.0  523.45
331.0  526.76
332.0  530.08
333.0  533.40
334.0  536.71
335.0  540.03
336.0  543.35
337.0  546.66
338.0  549.98
339.0  553.30
340.0  556.62
341.0  559.93
342.0  563.25
343.0  566.57
344.0  569.88
345.0  573.20
346.0  576.52
347.0  579.83
348.0  583.15
349.0  586.47
350.0  589.79
351.0  593.10
352.0  596.42
353.0  599.74
354.0  603.05
355.0  606.37
356.0  609.69
357.0  613.00
358.0  616.32
359.0  619.64
360.0  622.96
361.0  626.27
362.0  629.59
363.0  632.91
364.0  636.22
365.0  639.54
366.0  642.86
367.0  646.17
368.0  649.49
369.0  652.81
370.0  656.13
371.0  659.44
372.0  662.76
373.0  666.08
