молоко сухое смоленское
0.040
213.0    0.00
214.0    1.80
215.0    3.60
216.0    5.40
217.0    7.20
218.0    9.00
219.0   10.80
220.0   12.60
221.0   14.40
222.0   16.20
223.0   17.90
224.0   19.70
225.0   21.50
226.0   23.30
227.0   25.10
228.0   26.90
229.0   28.70
230.0   30.50
231.0   32.30
232.0   34.10
233.0   35.90
234.0   37.60
235.0   39.20
236.0   40.90
237.0   42.60
238.0   44.30
239.0   46.00
240.0   47.70
241.0   49.50
242.0   51.30
243.0   53.10
244.0   54.60
245.0   56.20
246.0   57.70
247.0   59.30
248.0   60.80
249.0   62.40
250.0   63.80
251.0   65.60
252.0   67.20
253.0   68.80
254.0   70.40
255.0   72.00
256.0   74.10
257.0   75.20
258.0   76.80
259.0   78.40
260.0   80.10
261.0   81.70
262.0   83.30
263.0   85.00
264.0   86.70
265.0   88.30
266.0   90.00
267.0   91.70
268.0   93.40
269.0   95.10
270.0   96.90
271.0   98.70
272.0  100.50
273.0  102.40
274.0  104.30
275.0  106.10
276.0  108.00
277.0  109.80
278.0  111.60
279.0  113.30
280.0  115.10
281.0  116.90
282.0  118.70
283.0  120.60
284.0  122.40
285.0  124.30
286.0  126.30
287.0  128.10
288.0  130.10
289.0  132.20
290.0  134.30
291.0  136.60
292.0  138.80
293.0  140.90
294.0  142.80
295.0  144.70
296.0  146.60
297.0  148.40
298.0  150.30
299.0  152.20
300.0  154.00
301.0  155.90
302.0  157.80
303.0  159.70
304.0  161.70
305.0  163.60
306.0  165.50
307.0  167.40
308.0  169.40
309.0  171.20
310.0  173.00
311.0  174.80
312.0  176.60
313.0  178.30
314.0  180.10
315.0  181.80
316.0  183.60
317.0  185.30
318.0  187.10
319.0  188.80
320.0  190.60
321.0  192.30
322.0  194.10
323.0  195.80
324.0  197.60
325.0  199.30
326.0  201.20
327.0  202.80
328.0  204.60
329.0  206.40
330.0  208.10
331.0  209.90
332.0  211.70
333.0  213.50
334.0  215.20
335.0  217.00
336.0  218.80
337.0  220.60
338.0  222.40
339.0  224.20
340.0  226.00
341.0  227.80
342.0  229.60
343.0  231.40
344.0  233.20
345.0  235.00
346.0  236.80
347.0  238.70
348.0  240.50
349.0  242.30
350.0  244.10
351.0  246.00
352.0  247.80
353.0  249.70
354.0  251.50
355.0  253.30
356.0  255.20
357.0  257.10
358.0  258.90
359.0  260.80
360.0  262.60
361.0  264.50
362.0  266.40
363.0  268.30
364.0  270.10
365.0  272.00
366.0  273.90
367.0  275.80
368.0  277.70
369.0  279.60
370.0  281.50
371.0  283.40
372.0  285.30
373.0  287.20
