настойка
0.243
213.0    0.00
214.0    2.83
215.0    5.65
216.0    8.48
217.0   11.30
218.0   14.13
219.0   16.95
220.0   19.78
221.0   22.60
222.0   25.43
223.0   28.25
224.0   31.08
225.0   33.90
226.0   36.73
227.0   39.55
228.0   42.38
229.0   45.20
230.0   48.03
231.0   50.85
232.0   53.68
233.0   56.50
234.0   59.33
235.0   62.15
236.0   64.98
237.0   67.80
238.0   70.63
239.0   73.45
240.0   76.28
241.0   79.10
242.0   81.93
243.0   84.75
244.0   87.58
245.0   90.40
246.0   93.23
247.0   96.05
248.0   98.88
249.0  101.70
250.0  104.53
251.0  107.35
252.0  110.18
253.0  113.00
254.0  115.83
255.0  118.65
256.0  121.48
257.0  124.30
258.0  127.13
259.0  129.95
260.0  132.78
261.0  135.60
262.0  138.43
263.0  141.25
264.0  144.08
265.0  146.90
266.0  149.73
267.0  152.55
268.0  155.38
269.0  158.20
270.0  161.03
271.0  163.85
272.0  166.68
273.0  169.50
274.0  172.33
275.0  175.15
276.0  177.98
277.0  180.80
278.0  183.63
279.0  186.45
280.0  189.28
281.0  192.10
282.0  194.93
283.0  197.75
284.0  200.58
285.0  203.40
286.0  206.23
287.0  209.05
288.0  211.88
289.0  214.70
290.0  217.53
291.0  220.35
292.0  223.18
293.0  226.00
294.0  228.83
295.0  231.65
296.0  234.48
297.0  237.30
298.0  240.13
299.0  242.95
300.0  245.78
301.0  248.60
302.0  251.43
303.0  254.25
304.0  257.08
305.0  259.90
306.0  262.73
307.0  265.55
308.0  268.38
309.0  271.20
310.0  274.03
311.0  276.85
312.0  279.68
313.0  282.50
314.0  285.33
315.0  288.15
316.0  290.98
317.0  293.80
318.0  296.63
319.0  299.45
320.0  302.28
321.0  305.10
322.0  307.93
323.0  310.75
324.0  313.58
325.0  316.40
326.0  319.23
327.0  322.05
328.0  324.88
329.0  327.70
330.0  330.53
331.0  333.35
332.0  336.18
333.0  339.00
334.0  341.83
335.0  344.65
336.0  347.48
337.0  350.30
338.0  353.13
339.0  355.95
340.0  358.78
341.0  361.60
342.0  364.43
343.0  367.25
344.0  370.08
345.0  372.90
346.0  375.73
347.0  378.55
348.0  381.38
349.0  384.20
350.0  387.03
351.0  389.85
352.0  392.68
353.0  395.50
354.0  398.33
355.0  401.15
356.0  403.98
357.0  406.80
358.0  409.63
359.0  412.45
360.0  415.28
361.0  418.10
362.0  420.93
363.0  423.75
364.0  426.58
365.0  429.40
366.0  432.23
367.0  435.05
368.0  437.88
369.0  440.70
370.0  443.53
371.0  446.35
372.0  449.18
373.0  452.00
