пахта
0.950
213.0    0.00
214.0    2.07
215.0    4.15
216.0    6.24
217.0    8.33
218.0   10.42
219.0   12.52
220.0   14.63
221.0   16.74
222.0   18.86
223.0   20.99
224.0   23.13
225.0   25.27
226.0   27.42
227.0   29.58
228.0   31.75
229.0   33.93
230.0   36.12
231.0   38.31
232.0   40.52
233.0   42.74
234.0   44.98
235.0   47.22
236.0   49.49
237.0   51.76
238.0   54.05
239.0   56.36
240.0   58.69
241.0   61.03
242.0   63.40
243.0   65.79
244.0   68.20
245.0   70.65
246.0   73.11
247.0   75.62
248.0   78.15
249.0   80.72
250.0   83.34
251.0   86.00
252.0   88.71
253.0   91.49
254.0   94.32
255.0   97.23
256.0  100.23
257.0  103.32
258.0  106.52
259.0  109.86
260.0  113.35
261.0  117.03
262.0  120.94
263.0  125.14
264.0  129.69
265.0  134.72
266.0  140.39
267.0  146.94
268.0  154.80
269.0  164.73
270.0  178.30
271.0  199.39
272.0  241.45
273.0  416.80
274.0  420.80
275.0  424.70
276.0  428.70
277.0  432.70
278.0  436.60
279.0  440.70
280.0  444.60
281.0  448.60
282.0  452.40
283.0  456.40
284.0  460.50
285.0  464.50
286.0  468.50
287.0  472.40
288.0  476.40
289.0  478.40
290.0  484.30
291.0  488.30
292.0  492.30
293.0  496.30
294.0  500.20
295.0  504.20
296.0  508.10
297.0  512.10
298.0  516.10
299.0  520.00
300.0  524.00
301.0  528.00
302.0  531.90
303.0  535.90
304.0  539.90
305.0  543.80
306.0  547.80
307.0  551.80
308.0  555.80
309.0  559.70
310.0  563.70
311.0  567.70
312.0  571.70
313.0  575.70
314.0  579.60
315.0  583.60
316.0  587.60
317.0  591.60
318.0  595.60
319.0  599.60
320.0  603.60
321.0  607.60
322.0  611.60
323.0  615.60
324.0  619.70
325.0  623.70
326.0  627.70
327.0  631.70
328.0  635.80
329.0  639.80
330.0  643.90
331.0  647.90
332.0  652.00
333.0  656.00
334.0  660.10
335.0  664.20
336.0  668.30
337.0  672.30
338.0  676.30
339.0  680.50
340.0  684.60
341.0  688.70
342.0  692.90
343.0  697.00
344.0  701.10
345.0  705.20
346.0  709.40
347.0  713.50
348.0  717.70
349.0  721.90
350.0  726.00
351.0  730.20
352.0  734.40
353.0  738.60
354.0  742.80
355.0  747.00
356.0  751.30
357.0  755.50
358.0  760.00
359.0  764.00
360.0  768.20
361.0  772.50
362.0  776.80
363.0  781.10
364.0  785.40
365.0  789.70
366.0  794.00
367.0  798.30
368.0  802.70
369.0  807.00
370.0  811.40
371.0  815.70
372.0  820.10
373.0  824.50
