персики
0.880
213.0    0.00
214.0    2.20
215.0    4.40
216.0    6.61
217.0    8.82
218.0   11.04
219.0   13.26
220.0   15.49
221.0   17.73
222.0   19.97
223.0   22.22
224.0   24.48
225.0   26.74
226.0   29.01
227.0   31.29
228.0   33.58
229.0   35.88
230.0   38.18
231.0   40.50
232.0   42.83
233.0   45.17
234.0   47.52
235.0   49.88
236.0   52.26
237.0   54.65
238.0   57.05
239.0   59.48
240.0   61.92
241.0   64.38
242.0   66.86
243.0   69.36
244.0   71.89
245.0   74.45
246.0   77.03
247.0   79.64
248.0   82.29
249.0   84.98
250.0   87.71
251.0   90.49
252.0   93.32
253.0   96.21
254.0   99.17
255.0  102.21
256.0  105.34
257.0  108.57
258.0  111.93
259.0  115.43
260.0  119.11
261.0  123.00
262.0  127.16
263.0  131.65
264.0  136.60
265.0  142.14
266.0  148.53
267.0  156.17
268.0  165.81
269.0  179.02
270.0  199.75
271.0  242.44
271.9  397.47
273.0  401.72
274.0  405.59
275.0  409.45
276.0  413.32
277.0  417.18
278.0  421.05
279.0  424.91
280.0  428.78
281.0  432.64
282.0  436.51
283.0  440.37
284.0  444.24
285.0  448.10
286.0  451.97
287.0  455.83
288.0  459.70
289.0  463.56
290.0  467.43
291.0  471.29
292.0  475.16
293.0  479.02
294.0  482.89
295.0  486.75
296.0  490.62
297.0  494.48
298.0  498.35
299.0  502.21
300.0  506.08
301.0  509.94
302.0  513.81
303.0  517.67
304.0  521.54
305.0  525.40
306.0  529.27
307.0  533.13
308.0  537.00
309.0  540.86
310.0  544.73
311.0  548.59
312.0  552.46
313.0  556.32
314.0  560.19
315.0  564.05
316.0  567.92
317.0  571.78
318.0  575.65
319.0  579.51
320.0  583.38
321.0  587.24
322.0  591.11
323.0  594.97
324.0  598.84
325.0  602.70
326.0  606.57
327.0  610.43
328.0  614.30
329.0  618.16
330.0  622.03
331.0  625.89
332.0  629.76
333.0  633.62
334.0  637.49
335.0  641.35
336.0  645.22
337.0  649.08
338.0  652.95
339.0  656.81
340.0  660.68
341.0  664.54
342.0  668.41
343.0  672.27
344.0  676.14
345.0  680.00
346.0  683.87
347.0  687.73
348.0  691.60
349.0  695.46
350.0  699.33
351.0  703.19
352.0  707.06
353.0  710.92
354.0  714.79
355.0  718.65
356.0  722.52
357.0  726.38
358.0  730.25
359.0  734.11
360.0  737.98
361.0  741.84
362.0  745.71
363.0  749.57
364.0  753.44
365.0  757.30
366.0  761.17
367.0  765.03
368.0  768.90
369.0  772.76
370.0  776.63
371.0  780.49
372.0  784.36
373.0  788.22
