пиво крепкое
0.842
213.0    0.00
214.0    2.20
215.0    4.41
216.0    6.62
217.0    8.84
218.0   11.07
219.0   13.31
220.0   15.56
221.0   17.82
222.0   20.08
223.0   22.36
224.0   24.65
225.0   26.95
226.0   29.26
227.0   31.59
228.0   33.93
229.0   36.29
230.0   38.66
231.0   41.05
232.0   43.46
233.0   45.89
234.0   48.35
235.0   50.82
236.0   53.33
237.0   55.86
238.0   58.42
239.0   61.01
240.0   63.64
241.0   66.31
242.0   69.02
243.0   71.77
244.0   74.58
245.0   77.45
246.0   80.39
247.0   83.39
248.0   86.47
249.0   89.65
250.0   92.92
251.0   96.32
252.0   99.84
253.0  103.52
254.0  107.37
255.0  111.43
256.0  115.73
257.0  120.31
258.0  125.24
259.0  130.59
260.0  136.46
261.0  142.97
262.0  150.29
263.0  158.68
264.0  168.49
265.0  180.25
266.0  194.80
267.0  213.52
268.0  238.94
269.0  276.05
270.0  336.56
270.5  384.37
272.0  390.08
273.0  393.88
274.0  397.69
275.0  401.49
276.0  405.30
277.0  409.10
278.0  412.91
279.0  416.71
280.0  420.52
281.0  424.32
282.0  428.13
283.0  431.93
284.0  435.74
285.0  439.54
286.0  443.35
287.0  447.15
288.0  450.96
289.0  454.76
290.0  458.57
291.0  462.37
292.0  466.18
293.0  469.98
294.0  473.79
295.0  477.59
296.0  481.40
297.0  485.20
298.0  489.01
299.0  492.81
300.0  496.62
301.0  500.42
302.0  504.23
303.0  508.03
304.0  511.84
305.0  515.64
306.0  519.45
307.0  523.25
308.0  527.06
309.0  530.86
310.0  534.67
311.0  538.47
312.0  542.28
313.0  546.08
314.0  549.89
315.0  553.69
316.0  557.50
317.0  561.30
318.0  565.11
319.0  568.91
320.0  572.72
321.0  576.52
322.0  580.33
323.0  584.13
324.0  587.94
325.0  591.74
326.0  595.55
327.0  599.35
328.0  603.16
329.0  606.96
330.0  610.77
331.0  614.57
332.0  618.38
333.0  622.18
334.0  625.99
335.0  629.79
336.0  633.60
337.0  637.40
338.0  641.21
339.0  645.01
340.0  648.82
341.0  652.62
342.0  656.43
343.0  660.23
344.0  664.04
345.0  667.84
346.0  671.65
347.0  675.45
348.0  679.26
349.0  683.06
350.0  686.87
351.0  690.67
352.0  694.48
353.0  698.28
354.0  702.09
355.0  705.89
356.0  709.70
357.0  713.50
358.0  717.31
359.0  721.11
360.0  724.92
361.0  728.72
362.0  732.53
363.0  736.33
364.0  740.14
365.0  743.94
366.0  747.75
367.0  751.55
368.0  755.36
369.0  759.16
370.0  762.97
371.0  766.77
372.0  770.58
373.0  774.38
