подсырная сыворотка
0.960
213.0    0.00
214.0    2.26
215.0    4.53
216.0    6.80
217.0    9.07
218.0   11.34
219.0   13.62
220.0   15.91
221.0   18.20
222.0   20.49
223.0   22.79
224.0   25.09
225.0   27.40
226.0   29.71
227.0   32.03
228.0   34.36
229.0   36.69
230.0   39.03
231.0   41.38
232.0   43.74
233.0   46.11
234.0   48.49
235.0   50.87
236.0   53.27
237.0   55.69
238.0   58.11
239.0   60.56
240.0   63.01
241.0   65.49
242.0   67.99
243.0   70.50
244.0   73.05
245.0   75.61
246.0   78.21
247.0   80.84
248.0   83.51
249.0   86.21
250.0   88.97
251.0   91.77
252.0   94.64
253.0   97.58
254.0  100.60
255.0  103.71
256.0  106.93
257.0  110.28
258.0  113.79
259.0  117.49
260.0  121.43
261.0  125.66
262.0  130.26
263.0  135.35
264.0  141.09
265.0  147.71
266.0  155.61
267.0  165.42
268.0  178.27
269.0  196.47
270.0  225.34
271.0  280.89
272.0  443.17
273.0  447.37
274.0  451.57
275.0  455.67
276.0  459.87
277.0  464.07
278.0  468.27
279.0  472.47
280.0  476.67
281.0  480.77
282.0  484.97
283.0  489.17
284.0  493.27
285.0  497.47
286.0  501.67
287.0  505.77
288.0  509.97
289.0  514.17
290.0  518.37
291.0  522.47
292.0  526.67
293.0  530.87
294.0  534.97
295.0  539.17
296.0  543.27
297.0  547.47
298.0  551.67
299.0  555.77
300.0  559.97
301.0  564.07
302.0  568.27
303.0  572.47
304.0  576.57
305.0  580.77
306.0  584.97
307.0  589.07
308.0  593.27
309.0  597.47
310.0  601.67
311.0  605.77
312.0  609.97
313.0  614.17
314.0  618.37
315.0  622.57
316.0  626.67
317.0  630.87
318.0  635.07
319.0  639.27
320.0  643.47
321.0  647.67
322.0  651.67
323.0  656.07
324.0  660.37
325.0  664.57
326.0  668.77
327.0  672.97
328.0  677.27
329.0  681.47
330.0  685.67
331.0  689.97
332.0  694.27
333.0  698.47
334.0  702.77
335.0  707.07
336.0  711.27
337.0  715.57
338.0  719.87
339.0  724.17
340.0  728.47
341.0  732.77
342.0  737.07
343.0  741.47
344.0  745.77
345.0  750.07
346.0  754.47
347.0  758.77
348.0  763.17
349.0  767.57
350.0  771.87
351.0  776.27
352.0  780.67
353.0  785.07
354.0  789.47
355.0  793.87
356.0  798.37
357.0  802.77
358.0  807.27
359.0  811.67
360.0  816.17
361.0  820.67
362.0  825.07
363.0  829.57
364.0  834.07
365.0  838.67
366.0  843.17
367.0  847.67
368.0  852.27
369.0  856.77
370.0  861.37
371.0  865.97
372.0  870.57
373.0  875.17
