рыба тощих пород
0.755
213.0    0.00
214.0    2.02
215.0    4.05
216.0    6.08
217.0    8.11
218.0   10.15
219.0   12.19
220.0   14.24
221.0   16.29
222.0   18.35
223.0   20.42
224.0   22.49
225.0   24.57
226.0   26.65
227.0   28.74
228.0   30.84
229.0   32.95
230.0   35.06
231.0   37.18
232.0   39.31
233.0   41.46
234.0   43.61
235.0   45.77
236.0   47.94
237.0   50.13
238.0   52.33
239.0   54.54
240.0   56.77
241.0   59.02
242.0   61.28
243.0   63.56
244.0   65.86
245.0   68.19
246.0   70.54
247.0   72.91
248.0   75.31
249.0   77.75
250.0   80.22
251.0   82.74
252.0   85.29
253.0   87.90
254.0   90.56
255.0   93.29
256.0   96.09
257.0   98.98
258.0  101.97
259.0  105.08
260.0  108.33
261.0  111.75
262.0  115.39
263.0  119.31
264.0  123.57
265.0  128.30
266.0  133.69
267.0  140.03
268.0  147.85
269.0  158.22
270.0  173.63
271.0  202.05
272.0  293.44
272.2  350.38
274.0  356.74
275.0  360.27
276.0  363.81
277.0  367.34
278.0  370.87
279.0  374.40
280.0  377.94
281.0  381.47
282.0  385.00
283.0  388.54
284.0  392.07
285.0  395.60
286.0  399.14
287.0  402.67
288.0  406.20
289.0  409.73
290.0  413.27
291.0  416.80
292.0  420.33
293.0  423.87
294.0  427.40
295.0  430.93
296.0  434.47
297.0  438.00
298.0  441.53
299.0  445.06
300.0  448.60
301.0  452.13
302.0  455.66
303.0  459.20
304.0  462.73
305.0  466.26
306.0  469.80
307.0  473.33
308.0  476.86
309.0  480.39
310.0  483.93
311.0  487.46
312.0  490.99
313.0  494.53
314.0  498.06
315.0  501.59
316.0  505.13
317.0  508.66
318.0  512.19
319.0  515.72
320.0  519.26
321.0  522.79
322.0  526.32
323.0  529.86
324.0  533.39
325.0  536.92
326.0  540.46
327.0  543.99
328.0  547.52
329.0  551.05
330.0  554.59
331.0  558.12
332.0  561.65
333.0  565.19
334.0  568.72
335.0  572.25
336.0  575.79
337.0  579.32
338.0  582.85
339.0  586.38
340.0  589.92
341.0  593.45
342.0  596.98
343.0  600.52
344.0  604.05
345.0  607.58
346.0  611.12
347.0  614.65
348.0  618.18
349.0  621.71
350.0  625.25
351.0  628.78
352.0  632.31
353.0  635.85
354.0  639.38
355.0  642.91
356.0  646.45
357.0  649.98
358.0  653.51
359.0  657.04
360.0  660.58
361.0  664.11
362.0  667.64
363.0  671.18
364.0  674.71
365.0  678.24
366.0  681.78
367.0  685.31
368.0  688.84
369.0  692.37
370.0  695.91
371.0  699.44
372.0  702.97
373.0  706.51
