рыба жирных пород
0.695
213.0    0.00
214.0    2.08
215.0    4.17
216.0    6.26
217.0    8.36
218.0   10.46
219.0   12.56
220.0   14.67
221.0   16.78
222.0   18.90
223.0   21.02
224.0   23.15
225.0   25.29
226.0   27.43
227.0   29.57
228.0   31.73
229.0   33.89
230.0   36.06
231.0   38.23
232.0   40.42
233.0   42.61
234.0   44.81
235.0   47.02
236.0   49.25
237.0   51.48
238.0   53.73
239.0   55.99
240.0   58.26
241.0   60.55
242.0   62.85
243.0   65.17
244.0   67.51
245.0   69.87
246.0   72.26
247.0   74.67
248.0   77.10
249.0   79.56
250.0   82.06
251.0   84.59
252.0   87.17
253.0   89.79
254.0   92.46
255.0   95.19
256.0   97.99
257.0  100.87
258.0  103.84
259.0  106.92
260.0  110.13
261.0  113.50
262.0  117.07
263.0  120.89
264.0  125.04
265.0  129.61
266.0  134.79
267.0  140.84
268.0  148.26
269.0  158.01
270.0  172.41
271.0  198.79
272.0  283.11
272.2  335.56
274.0  341.74
275.0  345.17
276.0  348.60
277.0  352.03
278.0  355.46
279.0  358.89
280.0  362.32
281.0  365.75
282.0  369.18
283.0  372.62
284.0  376.05
285.0  379.48
286.0  382.91
287.0  386.34
288.0  389.77
289.0  393.20
290.0  396.63
291.0  400.06
292.0  403.49
293.0  406.93
294.0  410.36
295.0  413.79
296.0  417.22
297.0  420.65
298.0  424.08
299.0  427.51
300.0  430.94
301.0  434.37
302.0  437.80
303.0  441.24
304.0  444.67
305.0  448.10
306.0  451.53
307.0  454.96
308.0  458.39
309.0  461.82
310.0  465.25
311.0  468.68
312.0  472.11
313.0  475.55
314.0  478.98
315.0  482.41
316.0  485.84
317.0  489.27
318.0  492.70
319.0  496.13
320.0  499.56
321.0  502.99
322.0  506.42
323.0  509.86
324.0  513.29
325.0  516.72
326.0  520.15
327.0  523.58
328.0  527.01
329.0  530.44
330.0  533.87
331.0  537.30
332.0  540.73
333.0  544.17
334.0  547.60
335.0  551.03
336.0  554.46
337.0  557.89
338.0  561.32
339.0  564.75
340.0  568.18
341.0  571.61
342.0  575.04
343.0  578.48
344.0  581.91
345.0  585.34
346.0  588.77
347.0  592.20
348.0  595.63
349.0  599.06
350.0  602.49
351.0  605.92
352.0  609.35
353.0  612.79
354.0  616.22
355.0  619.65
356.0  623.08
357.0  626.51
358.0  629.94
359.0  633.37
360.0  636.80
361.0  640.23
362.0  643.66
363.0  647.10
364.0  650.53
365.0  653.96
366.0  657.39
367.0  660.82
368.0  664.25
369.0  667.68
370.0  671.11
371.0  674.54
372.0  677.97
373.0  681.41
