свинина мясная
0.640
213.0    0.00
214.0    1.83
215.0    3.66
216.0    5.49
217.0    7.33
218.0    9.17
219.0   11.01
220.0   12.86
221.0   14.72
222.0   16.58
223.0   18.44
224.0   20.32
225.0   22.19
226.0   24.07
227.0   25.96
228.0   27.86
229.0   29.76
230.0   31.67
231.0   33.58
232.0   35.51
233.0   37.44
234.0   39.39
235.0   41.34
236.0   43.30
237.0   45.27
238.0   47.26
239.0   49.25
240.0   51.27
241.0   53.29
242.0   55.33
243.0   57.39
244.0   59.46
245.0   61.56
246.0   63.67
247.0   65.81
248.0   67.98
249.0   70.17
250.0   72.39
251.0   74.65
252.0   76.95
253.0   79.29
254.0   81.68
255.0   84.12
256.0   86.63
257.0   89.22
258.0   91.89
259.0   94.66
260.0   97.56
261.0  100.61
262.0  103.84
263.0  107.31
264.0  111.07
265.0  115.24
266.0  119.97
267.0  125.51
268.0  132.32
269.0  141.29
270.0  154.56
271.0  178.89
272.0  256.66
272.2  305.04
274.0  312.04
275.0  315.94
276.0  319.84
277.0  323.74
278.0  327.54
279.0  331.34
280.0  335.04
281.0  338.74
282.0  342.34
283.0  345.94
284.0  349.44
285.0  352.94
286.0  356.44
287.0  359.94
288.0  363.44
289.0  366.94
290.0  370.34
291.0  373.84
292.0  377.34
293.0  380.94
294.0  384.54
295.0  388.24
296.0  392.04
297.0  395.84
298.0  399.84
299.0  403.94
300.0  408.04
301.0  412.14
302.0  416.24
303.0  420.14
304.0  424.04
305.0  427.74
306.0  431.34
307.0  434.94
308.0  438.44
309.0  441.84
310.0  445.24
311.0  448.54
312.0  451.94
313.0  455.24
314.0  458.59
315.0  461.94
316.0  465.29
317.0  468.64
318.0  471.99
319.0  475.34
320.0  478.69
321.0  482.04
322.0  485.39
323.0  488.74
324.0  492.09
325.0  495.44
326.0  498.79
327.0  502.14
328.0  505.49
329.0  508.84
330.0  512.19
331.0  515.54
332.0  518.89
333.0  522.24
334.0  525.59
335.0  528.94
336.0  532.29
337.0  535.64
338.0  538.99
339.0  542.34
340.0  545.69
341.0  549.04
342.0  552.39
343.0  555.74
344.0  559.09
345.0  562.44
346.0  565.79
347.0  569.14
348.0  572.49
349.0  575.84
350.0  579.19
351.0  582.54
352.0  585.89
353.0  589.24
354.0  592.59
355.0  595.94
356.0  599.29
357.0  602.64
358.0  605.99
359.0  609.34
360.0  612.69
361.0  616.04
362.0  619.39
363.0  622.74
364.0  626.09
365.0  629.44
366.0  632.79
367.0  636.14
368.0  639.49
369.0  642.84
370.0  646.19
371.0  649.54
372.0  652.89
373.0  656.24
