свинина жирная
0.510
213.0    0.00
214.0    1.78
215.0    3.55
216.0    5.34
217.0    7.12
218.0    8.91
219.0   10.70
220.0   12.50
221.0   14.30
222.0   16.10
223.0   17.91
224.0   19.72
225.0   21.54
226.0   23.36
227.0   25.19
228.0   27.02
229.0   28.86
230.0   30.71
231.0   32.56
232.0   34.42
233.0   36.28
234.0   38.15
235.0   40.03
236.0   41.92
237.0   43.82
238.0   45.73
239.0   47.65
240.0   49.58
241.0   51.52
242.0   53.47
243.0   55.44
244.0   57.42
245.0   59.42
246.0   61.43
247.0   63.47
248.0   65.52
249.0   67.60
250.0   69.70
251.0   71.84
252.0   74.00
253.0   76.20
254.0   78.44
255.0   80.72
256.0   83.06
257.0   85.46
258.0   87.92
259.0   90.47
260.0   93.12
261.0   95.90
262.0   98.82
263.0  101.92
264.0  105.28
265.0  108.95
266.0  113.08
267.0  117.85
268.0  123.64
269.0  131.17
270.0  142.12
271.0  161.92
272.0  224.36
272.2  263.03
274.0  270.33
275.0  274.53
276.0  279.73
277.0  282.83
278.0  286.83
279.0  290.73
280.0  294.63
281.0  298.33
282.0  302.03
283.0  305.63
284.0  309.13
285.0  312.63
286.0  316.13
287.0  319.53
288.0  322.93
289.0  326.33
290.0  329.73
291.0  333.23
292.0  336.73
293.0  340.23
294.0  343.93
295.0  347.73
296.0  351.63
297.0  355.73
298.0  360.03
299.0  364.43
300.0  369.03
301.0  373.53
302.0  377.93
303.0  382.23
304.0  386.23
305.0  390.13
306.0  393.73
307.0  397.33
308.0  400.73
309.0  404.03
310.0  407.33
311.0  410.53
312.0  413.63
313.0  416.73
314.0  419.83
315.0  422.93
316.0  426.03
317.0  429.13
318.0  432.23
319.0  435.33
320.0  438.43
321.0  441.53
322.0  444.63
323.0  447.73
324.0  450.83
325.0  453.93
326.0  457.03
327.0  460.13
328.0  463.23
329.0  466.33
330.0  469.43
331.0  472.53
332.0  475.63
333.0  478.73
334.0  481.83
335.0  484.93
336.0  488.03
337.0  491.13
338.0  494.23
339.0  497.33
340.0  500.43
341.0  503.53
342.0  506.63
343.0  509.73
344.0  512.83
345.0  515.93
346.0  519.03
347.0  522.13
348.0  525.23
349.0  528.33
350.0  531.43
351.0  534.53
352.0  537.63
353.0  540.73
354.0  543.83
355.0  546.93
356.0  550.03
357.0  553.13
358.0  556.23
359.0  559.33
360.0  562.43
361.0  565.53
362.0  568.63
363.0  571.73
364.0  574.83
365.0  577.93
366.0  581.03
367.0  584.13
368.0  587.23
369.0  590.33
370.0  593.43
371.0  596.53
372.0  599.63
373.0  602.73
