сливы
0.870
213.0    0.00
214.0    2.20
215.0    4.40
216.0    6.60
217.0    8.81
218.0   11.03
219.0   13.25
220.0   15.47
221.0   17.71
222.0   19.95
223.0   22.19
224.0   24.45
225.0   26.71
226.0   28.97
227.0   31.25
228.0   33.54
229.0   35.83
230.0   38.13
231.0   40.45
232.0   42.77
233.0   45.10
234.0   47.45
235.0   49.81
236.0   52.18
237.0   54.57
238.0   56.97
239.0   59.39
240.0   61.83
241.0   64.29
242.0   66.76
243.0   69.26
244.0   71.78
245.0   74.33
246.0   76.91
247.0   79.52
248.0   82.17
249.0   84.85
250.0   87.58
251.0   90.35
252.0   93.17
253.0   96.06
254.0   99.02
255.0  102.05
256.0  105.17
257.0  108.40
258.0  111.75
259.0  115.25
260.0  118.92
261.0  122.81
262.0  126.98
263.0  131.48
264.0  136.44
265.0  142.01
266.0  148.45
267.0  156.17
268.0  165.99
269.0  179.56
270.0  201.25
271.0  247.86
271.8  393.84
273.0  398.44
274.0  402.27
275.0  406.11
276.0  409.95
277.0  413.78
278.0  417.62
279.0  421.45
280.0  425.29
281.0  429.13
282.0  432.96
283.0  436.80
284.0  440.63
285.0  444.47
286.0  448.31
287.0  452.14
288.0  455.98
289.0  459.81
290.0  463.65
291.0  467.49
292.0  471.32
293.0  475.16
294.0  478.99
295.0  482.83
296.0  486.67
297.0  490.50
298.0  494.34
299.0  498.17
300.0  502.01
301.0  505.85
302.0  509.68
303.0  513.52
304.0  517.35
305.0  521.19
306.0  525.03
307.0  528.86
308.0  532.70
309.0  536.53
310.0  540.37
311.0  544.21
312.0  548.04
313.0  551.88
314.0  555.71
315.0  559.55
316.0  563.39
317.0  567.22
318.0  571.06
319.0  574.89
320.0  578.73
321.0  582.57
322.0  586.40
323.0  590.24
324.0  594.07
325.0  597.91
326.0  601.75
327.0  605.58
328.0  609.42
329.0  613.25
330.0  617.09
331.0  620.93
332.0  624.76
333.0  628.60
334.0  632.43
335.0  636.27
336.0  640.11
337.0  643.94
338.0  647.78
339.0  651.61
340.0  655.45
341.0  659.29
342.0  663.12
343.0  666.96
344.0  670.79
345.0  674.63
346.0  678.47
347.0  682.30
348.0  686.14
349.0  689.97
350.0  693.81
351.0  697.65
352.0  701.48
353.0  705.32
354.0  709.15
355.0  712.99
356.0  716.83
357.0  720.66
358.0  724.50
359.0  728.33
360.0  732.17
361.0  736.01
362.0  739.84
363.0  743.68
364.0  747.51
365.0  751.35
366.0  755.19
367.0  759.02
368.0  762.86
369.0  766.69
370.0  770.53
371.0  774.37
372.0  778.20
373.0  782.04
