сливки 8%
0.900
213.0    0.00
214.0    1.84
215.0    3.69
216.0    5.55
217.0    7.41
218.0    9.27
219.0   11.15
220.0   13.02
221.0   14.91
222.0   16.80
223.0   18.69
224.0   20.60
225.0   22.51
226.0   24.43
227.0   26.36
228.0   28.30
229.0   30.24
230.0   32.20
231.0   34.16
232.0   36.14
233.0   38.13
234.0   40.13
235.0   42.14
236.0   44.17
237.0   46.21
238.0   48.26
239.0   50.33
240.0   52.42
241.0   54.53
242.0   56.66
243.0   58.81
244.0   60.98
245.0   63.18
246.0   65.41
247.0   67.67
248.0   69.96
249.0   72.28
250.0   74.65
251.0   77.06
252.0   79.52
253.0   82.04
254.0   84.61
255.0   87.26
256.0   89.99
257.0   92.81
258.0   95.74
259.0   98.80
260.0  102.00
261.0  105.39
262.0  108.99
263.0  112.87
264.0  117.09
265.0  121.76
266.0  127.03
267.0  133.15
268.0  140.51
269.0  149.83
270.0  162.62
271.0  182.53
272.0  222.33
273.0  388.47
274.0  392.47
275.0  396.37
276.0  400.37
277.0  404.27
278.0  408.17
279.0  412.07
280.0  415.97
281.0  419.87
282.0  423.77
283.0  427.67
284.0  431.57
285.0  435.57
286.0  439.47
287.0  443.37
288.0  447.37
289.0  451.37
290.0  455.47
291.0  459.57
292.0  463.67
293.0  467.67
294.0  471.67
295.0  475.57
296.0  479.47
297.0  483.37
298.0  487.27
299.0  491.17
300.0  495.07
301.0  498.97
302.0  502.87
303.0  506.77
304.0  510.77
305.0  514.67
306.0  518.67
307.0  522.57
308.0  526.47
309.0  530.37
310.0  534.27
311.0  538.07
312.0  541.97
313.0  545.77
314.0  549.67
315.0  553.47
316.0  557.37
317.0  561.17
318.0  565.07
319.0  568.87
320.0  572.77
321.0  576.57
322.0  580.47
323.0  584.27
324.0  588.17
325.0  592.07
326.0  595.87
327.0  599.77
328.0  603.67
329.0  607.57
330.0  611.47
331.0  615.27
332.0  619.17
333.0  623.07
334.0  627.07
335.0  630.97
336.0  634.87
337.0  638.77
338.0  642.67
339.0  646.47
340.0  650.57
341.0  654.57
342.0  658.47
343.0  662.47
344.0  666.37
345.0  670.37
346.0  674.37
347.0  678.37
348.0  682.37
349.0  686.37
350.0  690.37
351.0  694.37
352.0  698.37
353.0  702.47
354.0  706.47
355.0  710.47
356.0  714.57
357.0  718.67
358.0  722.67
359.0  726.77
360.0  730.87
361.0  734.97
362.0  739.07
363.0  743.17
364.0  747.37
365.0  751.47
366.0  755.57
367.0  759.77
368.0  763.97
369.0  768.07
370.0  772.27
371.0  776.47
372.0  780.67
373.0  784.87
