сливки 35%
0.640
213.0    0.00
214.0    1.93
215.0    3.87
216.0    5.81
217.0    7.76
218.0    9.70
219.0   11.66
220.0   13.61
221.0   15.58
222.0   17.54
223.0   19.51
224.0   21.49
225.0   23.47
226.0   25.46
227.0   27.45
228.0   29.45
229.0   31.46
230.0   33.48
231.0   35.50
232.0   37.53
233.0   39.56
234.0   41.61
235.0   43.66
236.0   45.73
237.0   47.80
238.0   49.89
239.0   51.99
240.0   54.10
241.0   56.22
242.0   58.36
243.0   60.52
244.0   62.69
245.0   64.88
246.0   67.09
247.0   69.32
248.0   71.57
249.0   73.86
250.0   76.17
251.0   78.51
252.0   80.89
253.0   83.30
254.0   85.77
255.0   88.28
256.0   90.85
257.0   93.49
258.0   96.20
259.0   99.01
260.0  101.92
261.0  104.96
262.0  108.15
263.0  111.55
264.0  115.18
265.0  119.14
266.0  123.53
267.0  128.52
268.0  134.40
269.0  141.68
270.0  151.42
271.0  166.24
272.0  195.22
273.0  314.08
274.0  317.98
275.0  321.88
276.0  325.68
277.0  329.38
278.0  333.08
279.0  336.68
280.0  340.28
281.0  343.88
282.0  347.58
283.0  351.48
284.0  355.18
285.0  359.08
286.0  362.98
287.0  366.78
288.0  370.78
289.0  374.98
290.0  379.48
291.0  384.18
292.0  388.68
293.0  392.88
294.0  396.88
295.0  400.68
296.0  404.38
297.0  408.08
298.0  411.88
299.0  415.58
300.0  419.28
301.0  422.88
302.0  426.68
303.0  430.48
304.0  434.38
305.0  438.18
306.0  441.98
307.0  445.78
308.0  449.58
309.0  453.18
310.0  456.68
311.0  460.18
312.0  463.58
313.0  466.98
314.0  470.38
315.0  473.68
316.0  477.08
317.0  480.38
318.0  483.78
319.0  487.08
320.0  490.48
321.0  493.78
322.0  497.08
323.0  500.48
324.0  503.58
325.0  507.08
326.0  510.48
327.0  513.18
328.0  517.18
329.0  520.48
330.0  523.88
331.0  527.18
332.0  530.58
333.0  533.88
334.0  537.28
335.0  540.68
336.0  543.98
337.0  547.38
338.0  550.78
339.0  554.18
340.0  557.58
341.0  560.98
342.0  564.38
343.0  567.78
344.0  571.18
345.0  574.58
346.0  577.98
347.0  581.38
348.0  584.88
349.0  588.28
350.0  591.78
351.0  595.18
352.0  598.68
353.0  602.18
354.0  605.58
355.0  609.08
356.0  612.58
357.0  616.08
358.0  619.58
359.0  623.08
360.0  626.58
361.0  630.08
362.0  633.68
363.0  637.18
364.0  640.78
365.0  644.28
366.0  647.88
367.0  651.38
368.0  654.98
369.0  658.58
370.0  662.18
371.0  665.78
372.0  669.38
373.0  672.98
