сметана 20% жирности
0.720
213.0    0.00
214.0    2.08
215.0    4.17
216.0    6.26
217.0    8.35
218.0   10.44
219.0   12.53
220.0   14.63
221.0   16.74
222.0   18.84
223.0   20.95
224.0   23.07
225.0   25.18
226.0   27.31
227.0   29.43
228.0   31.57
229.0   33.70
230.0   35.85
231.0   38.00
232.0   40.15
233.0   42.32
234.0   44.49
235.0   46.67
236.0   48.85
237.0   51.05
238.0   53.26
239.0   55.48
240.0   57.71
241.0   59.96
242.0   62.22
243.0   64.50
244.0   66.79
245.0   69.11
246.0   71.45
247.0   73.81
248.0   76.20
249.0   78.62
250.0   81.08
251.0   83.58
252.0   86.12
253.0   88.71
254.0   91.37
255.0   94.10
256.0   96.91
257.0   99.82
258.0  102.85
259.0  106.02
260.0  109.37
261.0  112.94
262.0  116.79
263.0  121.01
264.0  125.72
265.0  131.10
266.0  137.43
267.0  145.20
268.0  155.26
269.0  169.34
270.0  191.43
271.0  233.57
272.0  355.83
273.0  359.73
274.0  363.73
275.0  367.63
276.0  371.53
277.0  375.33
278.0  379.13
279.0  382.93
280.0  386.63
281.0  390.43
282.0  394.23
283.0  398.13
284.0  402.03
285.0  405.93
286.0  409.83
287.0  413.73
288.0  417.73
289.0  421.83
290.0  426.03
291.0  430.43
292.0  434.73
293.0  438.83
294.0  442.73
295.0  446.63
296.0  450.43
297.0  454.23
298.0  458.13
299.0  461.93
300.0  465.73
301.0  469.53
302.0  473.33
303.0  477.23
304.0  481.13
305.0  485.03
306.0  488.93
307.0  492.83
308.0  496.63
309.0  500.43
310.0  504.13
311.0  507.83
312.0  511.43
313.0  515.13
314.0  518.73
315.0  522.43
316.0  526.03
317.0  529.63
318.0  533.23
319.0  536.93
320.0  540.53
321.0  544.13
322.0  547.73
323.0  551.43
324.0  555.03
325.0  558.63
326.0  562.33
327.0  565.93
328.0  569.53
329.0  573.23
330.0  576.83
331.0  580.53
332.0  584.13
333.0  587.83
334.0  591.53
335.0  595.13
336.0  598.83
337.0  602.53
338.0  606.23
339.0  609.93
340.0  613.63
341.0  617.33
342.0  621.03
343.0  625.73
344.0  628.43
345.0  632.23
346.0  635.93
347.0  639.63
348.0  643.43
349.0  647.13
350.0  650.93
351.0  654.73
352.0  658.43
353.0  662.23
354.0  666.03
355.0  669.83
356.0  673.63
357.0  677.43
358.0  681.23
359.0  685.13
360.0  688.93
361.0  692.73
362.0  696.63
363.0  700.43
364.0  704.33
365.0  708.23
366.0  712.13
367.0  716.03
368.0  719.93
369.0  723.83
370.0  727.73
371.0  731.73
372.0  735.63
373.0  739.63
