сметана 14% жирности
0.780
213.0    0.00
214.0    1.79
215.0    3.59
216.0    5.39
217.0    7.19
218.0    8.99
219.0   10.80
220.0   12.61
221.0   14.42
222.0   16.24
223.0   18.07
224.0   19.89
225.0   21.72
226.0   23.56
227.0   25.40
228.0   27.25
229.0   29.10
230.0   30.96
231.0   32.83
232.0   34.70
233.0   36.59
234.0   38.48
235.0   40.38
236.0   42.29
237.0   44.21
238.0   46.14
239.0   48.08
240.0   50.04
241.0   52.01
242.0   54.00
243.0   56.01
244.0   58.04
245.0   60.09
246.0   62.16
247.0   64.26
248.0   66.39
249.0   68.56
250.0   70.76
251.0   73.01
252.0   75.31
253.0   77.66
254.0   80.09
255.0   82.58
256.0   85.18
257.0   87.87
258.0   90.70
259.0   93.69
260.0   96.87
261.0  100.29
262.0  104.01
263.0  108.14
264.0  112.80
265.0  118.18
266.0  124.61
267.0  132.59
268.0  143.07
269.0  157.90
270.0  181.44
271.0  226.71
272.0  358.83
273.0  362.83
274.0  366.73
275.0  370.73
276.0  374.63
277.0  378.53
278.0  382.33
279.0  386.13
280.0  390.03
281.0  393.83
282.0  397.63
283.0  401.63
284.0  405.53
285.0  409.43
286.0  413.33
287.0  417.23
288.0  421.23
289.0  425.33
290.0  429.43
291.0  433.73
292.0  437.83
293.0  441.93
294.0  445.93
295.0  449.83
296.0  453.63
297.0  457.53
298.0  461.43
299.0  465.23
300.0  469.13
301.0  472.93
302.0  476.83
303.0  480.73
304.0  484.63
305.0  488.53
306.0  492.43
307.0  496.33
308.0  500.23
309.0  504.13
310.0  507.93
311.0  511.63
312.0  515.43
313.0  519.13
314.0  522.93
315.0  526.63
316.0  530.33
317.0  534.13
318.0  537.83
319.0  541.53
320.0  545.33
321.0  549.03
322.0  552.83
323.0  556.53
324.0  560.33
325.0  564.03
326.0  567.83
327.0  571.53
328.0  575.33
329.0  579.03
330.0  582.83
331.0  586.63
332.0  590.23
333.0  594.13
334.0  597.93
335.0  601.73
336.0  605.53
337.0  609.33
338.0  613.13
339.0  616.93
340.0  620.83
341.0  624.63
342.0  628.43
343.0  632.33
344.0  636.13
345.0  640.03
346.0  643.83
347.0  647.73
348.0  651.53
349.0  655.43
350.0  659.33
351.0  663.23
352.0  667.13
353.0  671.03
354.0  674.93
355.0  678.83
356.0  682.83
357.0  686.73
358.0  690.73
359.0  694.63
360.0  698.63
361.0  702.53
362.0  706.53
363.0  710.53
364.0  714.53
365.0  718.53
366.0  722.53
367.0  726.63
368.0  730.63
369.0  734.63
370.0  738.73
371.0  742.83
372.0  746.83
373.0  750.93
