сметана 30% жирности
0.630
213.0    0.00
214.0    2.11
215.0    4.23
216.0    6.35
217.0    8.47
218.0   10.59
219.0   12.72
220.0   14.85
221.0   16.98
222.0   19.12
223.0   21.25
224.0   23.40
225.0   25.54
226.0   27.69
227.0   29.84
228.0   32.00
229.0   34.16
230.0   36.33
231.0   38.51
232.0   40.68
233.0   42.87
234.0   45.06
235.0   47.26
236.0   49.47
237.0   51.68
238.0   53.91
239.0   56.14
240.0   58.39
241.0   60.65
242.0   62.92
243.0   65.20
244.0   67.51
245.0   69.82
246.0   72.16
247.0   74.52
248.0   76.91
249.0   79.32
250.0   81.76
251.0   84.24
252.0   86.76
253.0   89.32
254.0   91.94
255.0   94.62
256.0   97.38
257.0  100.22
258.0  103.16
259.0  106.23
260.0  109.46
261.0  112.88
262.0  116.54
263.0  120.53
264.0  124.94
265.0  129.95
266.0  135.79
267.0  142.88
268.0  151.99
269.0  164.60
270.0  184.24
271.0  221.41
272.0  328.68
273.0  332.58
274.0  336.48
275.0  340.38
276.0  344.18
277.0  347.98
278.0  351.68
279.0  355.38
280.0  358.98
281.0  362.58
282.0  366.38
283.0  370.58
284.0  374.08
285.0  377.88
286.0  381.88
287.0  385.68
288.0  389.68
289.0  393.88
290.0  398.28
291.0  402.88
292.0  407.28
293.0  411.48
294.0  415.48
295.0  419.28
296.0  422.98
297.0  426.78
298.0  430.58
299.0  434.28
300.0  437.98
301.0  441.68
302.0  445.48
303.0  449.38
304.0  453.18
305.0  457.08
306.0  460.88
307.0  464.68
308.0  468.58
309.0  472.18
310.0  475.78
311.0  479.28
312.0  482.78
313.0  486.28
314.0  489.78
315.0  493.18
316.0  496.68
317.0  500.08
318.0  503.58
319.0  506.98
320.0  510.38
321.0  513.88
322.0  517.28
323.0  520.68
324.0  524.18
325.0  527.58
326.0  530.98
327.0  534.48
328.0  537.88
329.0  541.38
330.0  544.78
331.0  548.28
332.0  551.88
333.0  555.18
334.0  558.68
335.0  562.08
336.0  565.58
337.0  569.08
338.0  572.58
339.0  575.98
340.0  579.48
341.0  582.98
342.0  586.48
343.0  590.08
344.0  593.58
345.0  597.08
346.0  600.58
347.0  604.08
348.0  607.68
349.0  611.18
350.0  614.78
351.0  618.28
352.0  621.88
353.0  625.48
354.0  629.08
355.0  632.58
356.0  636.18
357.0  639.78
358.0  643.38
359.0  647.08
360.0  650.68
361.0  654.28
362.0  657.98
363.0  661.08
364.0  665.28
365.0  668.88
366.0  672.58
367.0  676.28
368.0  679.98
369.0  683.68
370.0  687.38
371.0  691.08
372.0  694.78
373.0  698.48
