смородина черная
0.850
213.0    0.00
214.0    2.18
215.0    4.36
216.0    6.54
217.0    8.73
218.0   10.93
219.0   13.13
220.0   15.34
221.0   17.55
222.0   19.77
223.0   22.00
224.0   24.23
225.0   26.47
226.0   28.72
227.0   30.98
228.0   33.24
229.0   35.51
230.0   37.80
231.0   40.09
232.0   42.39
233.0   44.71
234.0   47.03
235.0   49.37
236.0   51.72
237.0   54.09
238.0   56.47
239.0   58.87
240.0   61.28
241.0   63.71
242.0   66.17
243.0   68.64
244.0   71.14
245.0   73.67
246.0   76.23
247.0   78.81
248.0   81.43
249.0   84.09
250.0   86.80
251.0   89.55
252.0   92.35
253.0   95.21
254.0   98.14
255.0  101.15
256.0  104.25
257.0  107.46
258.0  110.79
259.0  114.27
260.0  117.92
261.0  121.80
262.0  125.96
263.0  130.47
264.0  135.44
265.0  141.06
266.0  147.58
267.0  155.49
268.0  165.65
269.0  180.02
270.0  203.95
271.0  260.81
271.6  385.83
273.0  391.13
274.0  394.91
275.0  398.69
276.0  402.47
277.0  406.26
278.0  410.04
279.0  413.82
280.0  417.60
281.0  421.38
282.0  425.17
283.0  428.95
284.0  432.73
285.0  436.51
286.0  440.29
287.0  444.08
288.0  447.86
289.0  451.64
290.0  455.42
291.0  459.20
292.0  462.99
293.0  466.77
294.0  470.55
295.0  474.33
296.0  478.11
297.0  481.90
298.0  485.68
299.0  489.46
300.0  493.24
301.0  497.02
302.0  500.81
303.0  504.59
304.0  508.37
305.0  512.15
306.0  515.93
307.0  519.72
308.0  523.50
309.0  527.28
310.0  531.06
311.0  534.84
312.0  538.63
313.0  542.41
314.0  546.19
315.0  549.97
316.0  553.75
317.0  557.54
318.0  561.32
319.0  565.10
320.0  568.88
321.0  572.66
322.0  576.45
323.0  580.23
324.0  584.01
325.0  587.79
326.0  591.57
327.0  595.36
328.0  599.14
329.0  602.92
330.0  606.70
331.0  610.48
332.0  614.27
333.0  618.05
334.0  621.83
335.0  625.61
336.0  629.39
337.0  633.18
338.0  636.96
339.0  640.74
340.0  644.52
341.0  648.30
342.0  652.09
343.0  655.87
344.0  659.65
345.0  663.43
346.0  667.21
347.0  671.00
348.0  674.78
349.0  678.56
350.0  682.34
351.0  686.12
352.0  689.91
353.0  693.69
354.0  697.47
355.0  701.25
356.0  705.03
357.0  708.82
358.0  712.60
359.0  716.38
360.0  720.16
361.0  723.94
362.0  727.73
363.0  731.51
364.0  735.29
365.0  739.07
366.0  742.85
367.0  746.64
368.0  750.42
369.0  754.20
370.0  757.98
371.0  761.76
372.0  765.55
373.0  769.33
