спаржа
0.940
213.0    0.00
214.0    2.25
215.0    4.51
216.0    6.77
217.0    9.04
218.0   11.32
219.0   13.60
220.0   15.88
221.0   18.18
222.0   20.48
223.0   22.79
224.0   25.10
225.0   27.42
226.0   29.75
227.0   32.09
228.0   34.44
229.0   36.80
230.0   39.17
231.0   41.55
232.0   43.94
233.0   46.35
234.0   48.76
235.0   51.19
236.0   53.64
237.0   56.10
238.0   58.57
239.0   61.07
240.0   63.58
241.0   66.12
242.0   68.67
243.0   71.25
244.0   73.86
245.0   76.50
246.0   79.16
247.0   81.86
248.0   84.60
249.0   87.38
250.0   90.21
251.0   93.08
252.0   96.02
253.0   99.02
254.0  102.09
255.0  105.25
256.0  108.50
257.0  111.87
258.0  115.37
259.0  119.03
260.0  122.88
261.0  126.97
262.0  131.34
263.0  136.09
264.0  141.33
265.0  147.23
266.0  154.07
267.0  162.30
268.0  172.78
269.0  187.32
270.0  210.64
271.0  260.88
271.8  418.51
273.0  423.34
274.0  427.36
275.0  431.39
276.0  435.41
277.0  439.44
278.0  443.46
279.0  447.49
280.0  451.51
281.0  455.54
282.0  459.56
283.0  463.59
284.0  467.61
285.0  471.64
286.0  475.66
287.0  479.69
288.0  483.71
289.0  487.74
290.0  491.76
291.0  495.79
292.0  499.81
293.0  503.84
294.0  507.86
295.0  511.89
296.0  515.91
297.0  519.94
298.0  523.96
299.0  527.99
300.0  532.01
301.0  536.04
302.0  540.06
303.0  544.09
304.0  548.11
305.0  552.14
306.0  556.16
307.0  560.19
308.0  564.21
309.0  568.24
310.0  572.26
311.0  576.29
312.0  580.31
313.0  584.34
314.0  588.36
315.0  592.39
316.0  596.41
317.0  600.44
318.0  604.46
319.0  608.49
320.0  612.51
321.0  616.54
322.0  620.56
323.0  624.59
324.0  628.61
325.0  632.64
326.0  636.66
327.0  640.69
328.0  644.71
329.0  648.74
330.0  652.76
331.0  656.79
332.0  660.81
333.0  664.84
334.0  668.86
335.0  672.89
336.0  676.91
337.0  680.94
338.0  684.96
339.0  688.99
340.0  693.01
341.0  697.04
342.0  701.06
343.0  705.09
344.0  709.11
345.0  713.14
346.0  717.16
347.0  721.19
348.0  725.21
349.0  729.24
350.0  733.26
351.0  737.29
352.0  741.31
353.0  745.34
354.0  749.36
355.0  753.39
356.0  757.41
357.0  761.44
358.0  765.46
359.0  769.49
360.0  773.51
361.0  777.54
362.0  781.56
363.0  785.59
364.0  789.61
365.0  793.64
366.0  797.66
367.0  801.69
368.0  805.71
369.0  809.74
370.0  813.76
371.0  817.79
372.0  821.81
373.0  825.84
