сыр швейцарский
0.360
213.0    0.00
214.0    2.65
215.0    5.30
216.0    7.95
217.0   10.61
218.0   13.27
219.0   15.93
220.0   18.60
221.0   21.26
222.0   23.94
223.0   26.61
224.0   29.29
225.0   31.97
226.0   34.66
227.0   37.35
228.0   40.05
229.0   42.76
230.0   45.46
231.0   48.18
232.0   50.90
233.0   53.63
234.0   56.36
235.0   59.10
236.0   61.86
237.0   64.62
238.0   67.39
239.0   70.17
240.0   72.96
241.0   75.77
242.0   78.59
243.0   81.43
244.0   84.29
245.0   87.17
246.0   90.07
247.0   92.99
248.0   95.95
249.0   98.94
250.0  101.97
251.0  105.04
252.0  108.17
253.0  111.37
254.0  114.65
255.0  118.02
256.0  121.53
257.0  125.20
258.0  129.09
259.0  133.28
260.0  137.93
261.0  143.28
262.0  149.87
263.0  158.94
264.0  174.68
265.0  226.91
265.1  242.06
267.0  248.16
268.0  251.36
269.0  254.66
270.0  258.06
271.0  261.56
272.0  265.16
273.0  268.96
274.0  272.66
275.0  276.46
276.0  280.06
277.0  283.56
278.0  286.96
279.0  290.36
280.0  293.66
281.0  296.96
282.0  300.46
283.0  304.26
284.0  307.76
285.0  311.46
286.0  315.26
287.0  318.96
288.0  322.86
289.0  327.06
290.0  330.76
291.0  336.56
292.0  341.16
293.0  345.46
294.0  349.36
295.0  352.96
296.0  356.46
297.0  359.96
298.0  363.56
299.0  367.06
300.0  370.46
301.0  373.96
302.0  377.46
303.0  381.16
304.0  384.86
305.0  388.56
306.0  392.16
307.0  395.76
308.0  399.36
309.0  402.76
310.0  405.96
311.0  409.06
312.0  412.16
313.0  415.26
314.0  418.26
315.0  421.26
316.0  424.16
317.0  427.16
318.0  430.16
319.0  433.06
320.0  436.06
321.0  438.96
322.0  441.96
323.0  444.86
324.0  447.86
325.0  450.76
326.0  453.66
327.0  456.66
328.0  459.56
329.0  462.56
330.0  465.46
331.0  468.46
332.0  471.36
333.0  474.36
334.0  477.26
335.0  480.26
336.0  483.26
337.0  486.16
338.0  489.16
339.0  492.16
340.0  495.16
341.0  498.16
342.0  501.06
343.0  504.06
344.0  507.06
345.0  510.06
346.0  513.16
347.0  516.16
348.0  519.16
349.0  522.16
350.0  524.96
351.0  528.26
352.0  531.26
353.0  534.36
354.0  537.36
355.0  540.46
356.0  543.46
357.0  546.56
358.0  549.66
359.0  552.76
360.0  555.86
361.0  558.96
362.0  562.06
363.0  565.16
364.0  568.26
365.0  571.36
366.0  574.46
367.0  577.66
368.0  580.76
369.0  583.96
370.0  587.06
371.0  590.26
372.0  593.46
373.0  596.56
