сыр российский
0.370
213.0    0.00
214.0    2.65
215.0    5.31
216.0    7.96
217.0   10.62
218.0   13.28
219.0   15.95
220.0   18.62
221.0   21.29
222.0   23.97
223.0   26.65
224.0   29.33
225.0   32.02
226.0   34.71
227.0   37.41
228.0   40.11
229.0   42.82
230.0   45.53
231.0   48.25
232.0   50.97
233.0   53.71
234.0   56.45
235.0   59.19
236.0   61.95
237.0   64.72
238.0   67.49
239.0   70.28
240.0   73.08
241.0   75.90
242.0   78.73
243.0   81.57
244.0   84.44
245.0   87.32
246.0   90.23
247.0   93.17
248.0   96.13
249.0   99.13
250.0  102.17
251.0  105.26
252.0  108.40
253.0  111.61
254.0  114.90
255.0  118.29
256.0  121.81
257.0  125.49
258.0  129.39
259.0  133.60
260.0  138.25
261.0  143.60
262.0  150.14
263.0  159.03
264.0  174.02
265.0  218.50
265.2  245.50
267.0  251.50
268.0  254.70
269.0  258.10
270.0  261.50
271.0  265.00
272.0  268.70
273.0  272.40
274.0  276.20
275.0  280.00
276.0  283.60
277.0  287.20
278.0  290.60
279.0  294.00
280.0  297.30
281.0  300.70
282.0  304.20
283.0  308.10
284.0  311.60
285.0  315.30
286.0  319.10
287.0  322.80
288.0  326.60
289.0  331.00
290.0  335.70
291.0  340.60
292.0  345.20
293.0  349.50
294.0  353.40
295.0  357.10
296.0  360.60
297.0  364.10
298.0  367.80
299.0  371.30
300.0  374.70
301.0  378.20
302.0  382.20
303.0  385.50
304.0  389.20
305.0  392.90
306.0  396.60
307.0  400.20
308.0  403.90
309.0  407.30
310.0  410.50
311.0  413.60
312.0  416.70
313.0  419.80
314.0  422.80
315.0  425.90
316.0  428.90
317.0  431.90
318.0  434.90
319.0  437.60
320.0  440.80
321.0  443.80
322.0  446.80
323.0  449.70
324.0  452.70
325.0  455.70
326.0  458.60
327.0  461.60
328.0  464.60
329.0  467.60
330.0  470.50
331.0  473.50
332.0  476.50
333.0  479.50
334.0  482.50
335.0  485.40
336.0  488.40
337.0  491.40
338.0  494.40
339.0  497.40
340.0  500.40
341.0  503.50
342.0  506.50
343.0  509.50
344.0  512.50
345.0  515.60
346.0  518.60
347.0  521.60
348.0  524.70
349.0  527.70
350.0  530.80
351.0  533.90
352.0  536.90
353.0  540.00
354.0  543.10
355.0  546.20
356.0  549.30
357.0  552.40
358.0  555.50
359.0  558.60
360.0  561.70
361.0  564.60
362.0  567.90
363.0  571.10
364.0  574.20
365.0  577.40
366.0  580.50
367.0  583.70
368.0  586.90
369.0  590.10
370.0  593.20
371.0  596.40
372.0  599.60
373.0  602.90
