сыр домашний нежирный
0.820
213.0    0.00
214.0    2.04
215.0    4.09
216.0    6.14
217.0    8.19
218.0   10.25
219.0   12.32
220.0   14.39
221.0   16.47
222.0   18.55
223.0   20.64
224.0   22.73
225.0   24.83
226.0   26.94
227.0   29.06
228.0   31.18
229.0   33.32
230.0   35.46
231.0   37.61
232.0   39.77
233.0   41.94
234.0   44.12
235.0   46.32
236.0   48.52
237.0   50.74
238.0   52.98
239.0   55.23
240.0   57.49
241.0   59.77
242.0   62.07
243.0   64.40
244.0   66.74
245.0   69.11
246.0   71.50
247.0   73.92
248.0   76.37
249.0   78.86
250.0   81.38
251.0   83.95
252.0   86.56
253.0   89.23
254.0   91.95
255.0   94.75
256.0   97.62
257.0  100.58
258.0  103.64
259.0  106.83
260.0  110.17
261.0  113.68
262.0  117.42
263.0  121.43
264.0  125.79
265.0  130.63
266.0  136.10
267.0  142.50
268.0  150.29
269.0  160.42
270.0  174.92
271.0  199.68
272.0  262.25
272.5  372.86
274.0  378.36
275.0  381.96
276.0  385.66
277.0  389.36
278.0  392.96
279.0  396.66
280.0  400.26
281.0  403.86
282.0  407.56
283.0  411.16
284.0  414.86
285.0  418.46
286.0  422.16
287.0  425.76
288.0  429.36
289.0  433.06
290.0  436.66
291.0  440.36
292.0  443.96
293.0  447.66
294.0  451.26
295.0  454.86
296.0  458.56
297.0  462.16
298.0  465.86
299.0  469.46
300.0  473.16
301.0  476.76
302.0  480.46
303.0  484.06
304.0  487.76
305.0  491.36
306.0  495.06
307.0  498.66
308.0  502.36
309.0  505.96
310.0  509.66
311.0  513.36
312.0  516.96
313.0  520.66
314.0  524.36
315.0  528.06
316.0  531.76
317.0  535.36
318.0  539.06
319.0  542.76
320.0  546.46
321.0  550.16
322.0  553.86
323.0  557.56
324.0  561.26
325.0  564.96
326.0  568.66
327.0  572.46
328.0  576.16
329.0  579.86
330.0  583.66
331.0  587.36
332.0  591.16
333.0  593.86
334.0  598.66
335.0  602.36
336.0  606.16
337.0  609.96
338.0  613.66
339.0  617.46
340.0  621.26
341.0  625.06
342.0  628.86
343.0  632.66
344.0  636.46
345.0  640.26
346.0  644.16
347.0  647.96
348.0  651.86
349.0  655.66
350.0  659.56
351.0  663.36
352.0  667.26
353.0  671.16
354.0  675.06
355.0  678.86
356.0  682.76
357.0  686.76
358.0  690.66
359.0  694.56
360.0  698.46
361.0  702.46
362.0  706.36
363.0  710.36
364.0  714.36
365.0  718.26
366.0  722.26
367.0  726.26
368.0  730.26
369.0  734.26
370.0  738.36
371.0  742.36
372.0  746.36
373.0  750.46
