сыр домашний жирный
0.810
213.0    0.00
214.0    2.11
215.0    4.22
216.0    6.33
217.0    8.45
218.0   10.58
219.0   12.71
220.0   14.85
221.0   16.99
222.0   19.14
223.0   21.29
224.0   23.45
225.0   25.62
226.0   27.79
227.0   29.97
228.0   32.16
229.0   34.36
230.0   36.57
231.0   38.78
232.0   41.00
233.0   43.24
234.0   45.49
235.0   47.74
236.0   50.01
237.0   52.29
238.0   54.59
239.0   56.90
240.0   59.23
241.0   61.57
242.0   63.94
243.0   66.32
244.0   68.72
245.0   71.15
246.0   73.61
247.0   76.09
248.0   78.60
249.0   81.14
250.0   83.73
251.0   86.35
252.0   89.02
253.0   91.74
254.0   94.53
255.0   97.37
256.0  100.30
257.0  103.31
258.0  106.43
259.0  109.67
260.0  113.05
261.0  116.61
262.0  120.39
263.0  124.44
264.0  128.84
265.0  133.70
266.0  139.20
267.0  145.60
268.0  153.39
269.0  163.47
270.0  177.89
271.0  202.43
272.0  264.31
272.5  373.62
274.0  379.32
275.0  383.02
276.0  386.72
277.0  390.42
278.0  393.92
279.0  397.72
280.0  401.42
281.0  404.92
282.0  408.82
283.0  412.52
284.0  416.22
285.0  419.92
286.0  423.62
287.0  427.32
288.0  431.02
289.0  434.82
290.0  438.52
291.0  442.32
292.0  446.52
293.0  449.92
294.0  453.62
295.0  457.32
296.0  461.02
297.0  464.62
298.0  468.32
299.0  472.02
300.0  475.72
301.0  479.42
302.0  483.12
303.0  486.82
304.0  490.52
305.0  494.22
306.0  497.92
307.0  501.62
308.0  505.32
309.0  509.02
310.0  512.72
311.0  516.22
312.0  520.12
313.0  523.72
314.0  527.42
315.0  531.12
316.0  534.82
317.0  538.52
318.0  541.92
319.0  545.82
320.0  549.52
321.0  553.22
322.0  556.92
323.0  560.62
324.0  564.32
325.0  568.02
326.0  571.72
327.0  575.42
328.0  579.22
329.0  582.92
330.0  586.62
331.0  590.32
332.0  594.12
333.0  597.82
334.0  601.62
335.0  605.32
336.0  609.12
337.0  612.82
338.0  616.62
339.0  620.42
340.0  624.22
341.0  627.92
342.0  631.72
343.0  635.52
344.0  639.32
345.0  643.22
346.0  647.02
347.0  650.82
348.0  654.62
349.0  658.52
350.0  662.32
351.0  666.22
352.0  670.02
353.0  673.92
354.0  677.82
355.0  681.62
356.0  685.52
357.0  689.42
358.0  693.32
359.0  697.32
360.0  701.22
361.0  705.12
362.0  709.12
363.0  713.02
364.0  717.02
365.0  720.92
366.0  724.92
367.0  728.92
368.0  732.92
369.0  736.92
370.0  740.92
371.0  744.92
372.0  749.02
373.0  753.02
