творог жирный 18%
0.670
213.0    0.00
214.0    2.05
215.0    4.10
216.0    6.16
217.0    8.22
218.0   10.28
219.0   12.35
220.0   14.43
221.0   16.50
222.0   18.59
223.0   20.67
224.0   22.77
225.0   24.87
226.0   26.97
227.0   29.08
228.0   31.20
229.0   33.33
230.0   35.46
231.0   37.60
232.0   39.75
233.0   41.90
234.0   44.07
235.0   46.24
236.0   48.43
237.0   50.63
238.0   52.83
239.0   55.05
240.0   57.29
241.0   59.54
242.0   61.80
243.0   64.08
244.0   66.38
245.0   68.70
246.0   71.04
247.0   73.40
248.0   75.79
249.0   78.20
250.0   80.65
251.0   83.13
252.0   85.65
253.0   88.22
254.0   90.83
255.0   93.50
256.0   96.23
257.0   99.04
258.0  101.93
259.0  104.92
260.0  108.04
261.0  111.30
262.0  114.74
263.0  118.41
264.0  122.36
265.0  126.71
266.0  131.57
267.0  137.19
268.0  143.96
269.0  152.63
270.0  164.89
271.0  185.53
272.0  237.08
272.5  327.68
274.0  333.28
275.0  336.88
276.0  340.48
277.0  344.08
278.0  347.58
279.0  351.08
280.0  354.58
281.0  358.08
282.0  361.68
283.0  365.28
284.0  368.88
285.0  372.48
286.0  376.18
287.0  379.78
288.0  383.48
289.0  387.28
290.0  391.28
291.0  395.28
292.0  399.28
293.0  403.08
294.0  406.78
295.0  410.38
296.0  413.98
297.0  417.48
298.0  421.08
299.0  424.68
300.0  428.18
301.0  431.68
302.0  435.28
303.0  438.88
304.0  442.58
305.0  446.18
306.0  449.78
307.0  453.38
308.0  456.98
309.0  460.48
310.0  463.98
311.0  467.38
312.0  470.88
313.0  474.28
314.0  477.68
315.0  481.08
316.0  484.48
317.0  487.88
318.0  491.18
319.0  494.58
320.0  497.98
321.0  501.38
322.0  504.78
323.0  508.18
324.0  511.58
325.0  514.98
326.0  518.38
327.0  521.78
328.0  525.18
329.0  528.58
330.0  532.08
331.0  535.48
332.0  538.88
333.0  542.28
334.0  545.78
335.0  549.18
336.0  552.58
337.0  556.08
338.0  559.48
339.0  562.98
340.0  566.48
341.0  569.88
342.0  573.38
343.0  576.88
344.0  580.38
345.0  583.88
346.0  587.38
347.0  590.88
348.0  594.38
349.0  597.88
350.0  601.38
351.0  604.88
352.0  608.48
353.0  611.98
354.0  615.58
355.0  619.08
356.0  622.68
357.0  626.28
358.0  629.78
359.0  633.38
360.0  636.98
361.0  640.58
362.0  643.48
363.0  647.78
364.0  651.48
365.0  655.08
366.0  658.68
367.0  662.38
368.0  665.98
369.0  669.68
370.0  673.38
371.0  677.08
372.0  680.78
373.0  684.48
