творог нежирный 0%
0.820
213.0    0.00
214.0    2.04
215.0    4.09
216.0    6.14
217.0    8.19
218.0   10.25
219.0   12.32
220.0   14.39
221.0   16.47
222.0   18.55
223.0   20.64
224.0   22.73
225.0   24.83
226.0   26.94
227.0   29.06
228.0   31.19
229.0   33.32
230.0   35.46
231.0   37.61
232.0   39.77
233.0   41.94
234.0   44.13
235.0   46.32
236.0   48.53
237.0   50.75
238.0   52.98
239.0   55.23
240.0   57.49
241.0   59.78
242.0   62.08
243.0   64.40
244.0   66.74
245.0   69.11
246.0   71.50
247.0   73.92
248.0   76.37
249.0   78.86
250.0   81.38
251.0   83.95
252.0   86.56
253.0   89.23
254.0   91.96
255.0   94.75
256.0   97.62
257.0  100.58
258.0  103.65
259.0  106.83
260.0  110.17
261.0  113.69
262.0  117.42
263.0  121.43
264.0  125.80
265.0  130.63
266.0  136.11
267.0  142.50
268.0  150.30
269.0  160.42
270.0  174.93
271.0  199.69
272.0  262.26
272.5  372.87
274.0  378.47
275.0  382.07
276.0  385.77
277.0  389.47
278.0  393.07
279.0  396.77
280.0  400.37
281.0  403.97
282.0  407.67
283.0  411.27
284.0  414.97
285.0  418.57
286.0  422.27
287.0  425.87
288.0  429.47
289.0  433.17
290.0  436.77
291.0  440.47
292.0  444.07
293.0  447.77
294.0  451.37
295.0  454.97
296.0  458.67
297.0  462.27
298.0  465.97
299.0  469.57
300.0  473.27
301.0  476.87
302.0  480.57
303.0  484.17
304.0  487.87
305.0  491.47
306.0  495.17
307.0  498.77
308.0  502.47
309.0  506.07
310.0  509.77
311.0  513.47
312.0  517.07
313.0  520.77
314.0  524.47
315.0  528.17
316.0  531.87
317.0  535.47
318.0  539.17
319.0  542.87
320.0  546.57
321.0  550.27
322.0  553.97
323.0  557.67
324.0  561.37
325.0  565.07
326.0  568.77
327.0  572.57
328.0  576.27
329.0  579.97
330.0  583.77
331.0  587.47
332.0  591.27
333.0  594.97
334.0  598.77
335.0  602.47
336.0  606.27
337.0  610.07
338.0  613.77
339.0  617.57
340.0  621.37
341.0  625.17
342.0  628.97
343.0  632.77
344.0  636.57
345.0  640.37
346.0  644.27
347.0  648.07
348.0  651.97
349.0  655.77
350.0  659.67
351.0  663.47
352.0  667.37
353.0  671.27
354.0  675.17
355.0  678.97
356.0  682.87
357.0  686.87
358.0  690.77
359.0  694.67
360.0  698.57
361.0  702.57
362.0  706.47
363.0  710.47
364.0  714.47
365.0  718.37
366.0  722.37
367.0  726.37
368.0  730.37
369.0  734.17
370.0  738.47
371.0  742.47
372.0  746.47
373.0  750.57
