телятина жирная
0.755
213.0    0.00
214.0    1.90
215.0    3.81
216.0    5.73
217.0    7.64
218.0    9.56
219.0   11.49
220.0   13.42
221.0   15.36
222.0   17.30
223.0   19.25
224.0   21.21
225.0   23.17
226.0   25.14
227.0   27.11
228.0   29.10
229.0   31.09
230.0   33.09
231.0   35.10
232.0   37.11
233.0   39.14
234.0   41.18
235.0   43.23
236.0   45.29
237.0   47.36
238.0   49.45
239.0   51.55
240.0   53.67
241.0   55.80
242.0   57.95
243.0   60.12
244.0   62.31
245.0   64.52
246.0   66.76
247.0   69.03
248.0   71.32
249.0   73.65
250.0   76.01
251.0   78.42
252.0   80.86
253.0   83.36
254.0   85.92
255.0   88.54
256.0   91.24
257.0   94.02
258.0   96.91
259.0   99.91
260.0  103.06
261.0  106.39
262.0  109.93
263.0  113.75
264.0  117.91
265.0  122.56
266.0  127.85
267.0  134.11
268.0  141.85
269.0  152.13
270.0  167.48
271.0  195.85
272.0  287.23
272.2  344.17
274.0  350.69
275.0  354.31
276.0  357.93
277.0  361.55
278.0  365.17
279.0  368.79
280.0  372.41
281.0  376.03
282.0  379.65
283.0  383.27
284.0  386.89
285.0  390.51
286.0  394.13
287.0  397.75
288.0  401.37
289.0  404.99
290.0  408.61
291.0  412.23
292.0  415.85
293.0  419.47
294.0  423.09
295.0  426.71
296.0  430.33
297.0  433.95
298.0  437.57
299.0  441.19
300.0  444.81
301.0  448.43
302.0  452.05
303.0  455.67
304.0  459.29
305.0  462.91
306.0  466.53
307.0  470.15
308.0  473.77
309.0  477.39
310.0  481.01
311.0  484.63
312.0  488.25
313.0  491.87
314.0  495.49
315.0  499.11
316.0  502.73
317.0  506.35
318.0  509.97
319.0  513.59
320.0  517.21
321.0  520.83
322.0  524.45
323.0  528.07
324.0  531.69
325.0  535.31
326.0  538.93
327.0  542.55
328.0  546.17
329.0  549.79
330.0  553.41
331.0  557.03
332.0  560.65
333.0  564.27
334.0  567.89
335.0  571.51
336.0  575.13
337.0  578.75
338.0  582.37
339.0  585.99
340.0  589.61
341.0  593.23
342.0  596.85
343.0  600.47
344.0  604.09
345.0  607.71
346.0  611.33
347.0  614.95
348.0  618.57
349.0  622.19
350.0  625.81
351.0  629.43
352.0  633.05
353.0  636.67
354.0  640.29
355.0  643.91
356.0  647.53
357.0  651.15
358.0  654.77
359.0  658.39
360.0  662.01
361.0  665.63
362.0  669.25
363.0  672.87
364.0  676.49
365.0  680.11
366.0  683.73
367.0  687.35
368.0  690.97
369.0  694.59
370.0  698.21
371.0  701.83
372.0  705.45
373.0  709.07
