топленый говяжий жир
0.100
213.0    0.00
214.0    1.50
215.0    3.10
216.0    4.60
217.0    6.10
218.0    7.70
219.0    9.30
220.0   10.90
221.0   12.40
222.0   14.00
223.0   15.60
224.0   17.30
225.0   18.90
226.0   20.50
227.0   22.20
228.0   23.80
229.0   25.80
230.0   27.20
231.0   28.80
232.0   30.50
233.0   32.20
234.0   34.00
235.0   35.70
236.0   37.40
237.0   39.20
238.0   40.90
239.0   42.70
240.0   44.50
241.0   46.30
242.0   48.10
243.0   49.90
244.0   51.70
245.0   53.60
246.0   55.40
247.0   57.30
248.0   59.20
249.0   61.10
250.0   63.00
251.0   64.90
252.0   66.90
253.0   68.90
254.0   70.80
255.0   72.90
256.0   75.10
257.0   76.90
258.0   79.00
259.0   81.10
260.0   83.20
261.0   85.40
262.0   87.60
263.0   89.80
264.0   92.00
265.0   94.30
266.0   96.70
267.0   99.00
268.0  101.40
269.0  103.90
270.0  106.40
271.0  109.00
272.0  111.70
273.0  114.40
274.0  117.30
275.0  120.20
276.0  123.20
277.0  126.30
278.0  129.60
279.0  133.00
280.0  136.50
281.0  140.20
282.0  144.00
283.0  148.00
284.0  152.10
285.0  156.30
286.0  160.60
287.0  165.00
288.0  169.30
289.0  173.70
290.0  178.00
291.0  182.20
292.0  186.30
293.0  190.30
294.0  194.20
295.0  197.90
296.0  201.60
297.0  205.20
298.0  208.60
299.0  212.10
300.0  215.40
301.0  218.70
302.0  222.00
303.0  225.30
304.0  228.60
305.0  231.90
306.0  235.20
307.0  238.50
308.0  241.90
309.0  245.40
310.0  249.00
311.0  252.70
312.0  256.60
313.0  260.70
314.0  262.92
315.0  265.14
316.0  267.36
317.0  269.58
318.0  271.80
319.0  274.02
320.0  276.24
321.0  278.46
322.0  280.68
323.0  282.90
324.0  284.20
325.0  285.50
326.0  286.80
327.0  288.10
328.0  289.40
329.0  290.70
330.0  292.00
331.0  293.30
332.0  294.60
333.0  295.90
334.0  297.20
335.0  298.50
336.0  299.80
337.0  301.10
338.0  302.40
339.0  303.70
340.0  305.00
341.0  306.30
342.0  307.60
343.0  308.90
344.0  310.40
345.0  311.90
346.0  313.40
347.0  314.90
348.0  316.40
349.0  317.90
350.0  319.40
351.0  320.90
352.0  322.40
353.0  323.90
354.0  325.60
355.0  327.30
356.0  329.00
357.0  330.70
358.0  332.40
359.0  334.10
360.0  335.80
361.0  337.50
362.0  339.20
363.0  340.90
364.0  343.10
365.0  345.30
366.0  347.50
367.0  349.70
368.0  351.90
369.0  354.10
370.0  356.30
371.0  358.50
372.0  360.70
373.0  362.90
