хлеб пшеничный
0.420
213.0    0.00
214.0    1.88
215.0    3.76
216.0    5.65
217.0    7.55
218.0    9.45
219.0   11.36
220.0   13.28
221.0   15.20
222.0   17.14
223.0   19.08
224.0   21.03
225.0   22.99
226.0   24.96
227.0   26.94
228.0   28.93
229.0   30.93
230.0   32.95
231.0   34.98
232.0   37.03
233.0   39.09
234.0   41.17
235.0   43.27
236.0   45.39
237.0   47.53
238.0   49.70
239.0   51.89
240.0   54.11
241.0   56.36
242.0   58.65
243.0   60.97
244.0   63.34
245.0   65.75
246.0   68.21
247.0   70.73
248.0   73.32
249.0   75.97
250.0   78.71
251.0   81.54
252.0   84.48
253.0   87.53
254.0   90.73
255.0   94.09
256.0   97.64
257.0  101.43
258.0  105.48
259.0  109.87
260.0  114.68
261.0  119.99
262.0  125.96
263.0  132.77
264.0  140.72
265.0  150.23
266.0  161.96
267.0  177.02
268.0  197.42
269.0  227.16
270.0  229.77
271.0  232.38
272.0  234.99
273.0  237.61
274.0  240.22
275.0  242.83
276.0  245.44
277.0  248.05
278.0  250.67
279.0  253.28
280.0  255.89
281.0  258.50
282.0  261.11
283.0  263.73
284.0  266.34
285.0  268.95
286.0  271.56
287.0  274.17
288.0  276.79
289.0  279.40
290.0  282.01
291.0  284.62
292.0  287.23
293.0  289.85
294.0  292.46
295.0  295.07
296.0  297.68
297.0  300.29
298.0  302.91
299.0  305.52
300.0  308.13
301.0  310.74
302.0  313.35
303.0  315.97
304.0  318.58
305.0  321.19
306.0  323.80
307.0  326.41
308.0  329.03
309.0  331.64
310.0  334.25
311.0  336.86
312.0  339.47
313.0  342.09
314.0  344.70
315.0  347.31
316.0  349.92
317.0  352.53
318.0  355.15
319.0  357.76
320.0  360.37
321.0  362.98
322.0  365.59
323.0  368.21
324.0  370.82
325.0  373.43
326.0  376.04
327.0  378.65
328.0  381.27
329.0  383.88
330.0  386.49
331.0  389.10
332.0  391.71
333.0  394.33
334.0  396.94
335.0  399.55
336.0  402.16
337.0  404.77
338.0  407.39
339.0  410.00
340.0  412.61
341.0  415.22
342.0  417.83
343.0  420.45
344.0  423.06
345.0  425.67
346.0  428.28
347.0  430.89
348.0  433.51
349.0  436.12
350.0  438.73
351.0  441.34
352.0  443.95
353.0  446.57
354.0  449.18
355.0  451.79
356.0  454.40
357.0  457.01
358.0  459.63
359.0  462.24
360.0  464.85
361.0  467.46
362.0  470.07
363.0  472.69
364.0  475.30
365.0  477.91
366.0  480.52
367.0  483.13
368.0  485.75
369.0  488.36
370.0  490.97
371.0  493.58
372.0  496.19
373.0  498.81
