хлеб ржаной
0.570
213.0    0.00
214.0    2.02
215.0    4.04
216.0    6.07
217.0    8.11
218.0   10.16
219.0   12.22
220.0   14.29
221.0   16.37
222.0   18.45
223.0   20.55
224.0   22.67
225.0   24.79
226.0   26.93
227.0   29.09
228.0   31.26
229.0   33.44
230.0   35.65
231.0   37.87
232.0   40.11
233.0   42.38
234.0   44.67
235.0   46.99
236.0   49.33
237.0   51.70
238.0   54.11
239.0   56.55
240.0   59.03
241.0   61.56
242.0   64.13
243.0   66.75
244.0   69.43
245.0   72.17
246.0   74.98
247.0   77.86
248.0   80.84
249.0   83.91
250.0   87.09
251.0   90.40
252.0   93.85
253.0   97.46
254.0  101.27
255.0  105.30
256.0  109.59
257.0  114.19
258.0  119.16
259.0  124.59
260.0  130.58
261.0  137.26
262.0  144.83
263.0  153.55
264.0  163.81
265.0  176.18
266.0  191.56
267.0  211.48
268.0  238.64
269.0  278.47
270.0  281.49
271.0  284.51
272.0  287.53
273.0  290.55
274.0  293.57
275.0  296.59
276.0  299.61
277.0  302.63
278.0  305.65
279.0  308.67
280.0  311.69
281.0  314.71
282.0  317.73
283.0  320.75
284.0  323.77
285.0  326.79
286.0  329.81
287.0  332.83
288.0  335.85
289.0  338.87
290.0  341.89
291.0  344.91
292.0  347.93
293.0  350.95
294.0  353.97
295.0  356.99
296.0  360.01
297.0  363.03
298.0  366.05
299.0  369.07
300.0  372.09
301.0  375.11
302.0  378.13
303.0  381.15
304.0  384.17
305.0  387.19
306.0  390.21
307.0  393.23
308.0  396.25
309.0  399.27
310.0  402.29
311.0  405.31
312.0  408.33
313.0  411.35
314.0  414.37
315.0  417.39
316.0  420.41
317.0  423.43
318.0  426.45
319.0  429.47
320.0  432.49
321.0  435.51
322.0  438.53
323.0  441.55
324.0  444.57
325.0  447.59
326.0  450.61
327.0  453.63
328.0  456.65
329.0  459.67
330.0  462.69
331.0  465.71
332.0  468.73
333.0  471.75
334.0  474.77
335.0  477.79
336.0  480.81
337.0  483.83
338.0  486.85
339.0  489.87
340.0  492.89
341.0  495.91
342.0  498.93
343.0  501.95
344.0  504.97
345.0  507.99
346.0  511.01
347.0  514.03
348.0  517.05
349.0  520.07
350.0  523.09
351.0  526.11
352.0  529.13
353.0  532.15
354.0  535.17
355.0  538.19
356.0  541.21
357.0  544.23
358.0  547.25
359.0  550.27
360.0  553.29
361.0  556.31
362.0  559.33
363.0  562.35
364.0  565.37
365.0  568.39
366.0  571.41
367.0  574.43
368.0  577.45
369.0  580.47
370.0  583.49
371.0  586.51
372.0  589.53
373.0  592.55
