черника
0.850
213.0    0.00
214.0    2.17
215.0    4.35
216.0    6.53
217.0    8.71
218.0   10.91
219.0   13.10
220.0   15.30
221.0   17.51
222.0   19.73
223.0   21.95
224.0   24.18
225.0   26.41
226.0   28.65
227.0   30.90
228.0   33.16
229.0   35.43
230.0   37.71
231.0   39.99
232.0   42.29
233.0   44.60
234.0   46.92
235.0   49.25
236.0   51.60
237.0   53.96
238.0   56.33
239.0   58.72
240.0   61.13
241.0   63.56
242.0   66.01
243.0   68.48
244.0   70.97
245.0   73.49
246.0   76.04
247.0   78.62
248.0   81.23
249.0   83.88
250.0   86.58
251.0   89.32
252.0   92.11
253.0   94.96
254.0   97.88
255.0  100.88
256.0  103.97
257.0  107.16
258.0  110.47
259.0  113.93
260.0  117.56
261.0  121.42
262.0  125.54
263.0  130.00
264.0  134.93
265.0  140.46
266.0  146.88
267.0  154.61
268.0  164.49
269.0  178.30
270.0  200.80
271.0  251.48
271.7  385.96
273.0  390.87
274.0  394.66
275.0  398.44
276.0  402.22
277.0  406.00
278.0  409.78
279.0  413.57
280.0  417.35
281.0  421.13
282.0  424.91
283.0  428.69
284.0  432.48
285.0  436.26
286.0  440.04
287.0  443.82
288.0  447.60
289.0  451.39
290.0  455.17
291.0  458.95
292.0  462.73
293.0  466.51
294.0  470.30
295.0  474.08
296.0  477.86
297.0  481.64
298.0  485.42
299.0  489.21
300.0  492.99
301.0  496.77
302.0  500.55
303.0  504.33
304.0  508.12
305.0  511.90
306.0  515.68
307.0  519.46
308.0  523.24
309.0  527.03
310.0  530.81
311.0  534.59
312.0  538.37
313.0  542.15
314.0  545.94
315.0  549.72
316.0  553.50
317.0  557.28
318.0  561.06
319.0  564.85
320.0  568.63
321.0  572.41
322.0  576.19
323.0  579.97
324.0  583.76
325.0  587.54
326.0  591.32
327.0  595.10
328.0  598.88
329.0  602.67
330.0  606.45
331.0  610.23
332.0  614.01
333.0  617.79
334.0  621.58
335.0  625.36
336.0  629.14
337.0  632.92
338.0  636.70
339.0  640.49
340.0  644.27
341.0  648.05
342.0  651.83
343.0  655.61
344.0  659.40
345.0  663.18
346.0  666.96
347.0  670.74
348.0  674.52
349.0  678.31
350.0  682.09
351.0  685.87
352.0  689.65
353.0  693.43
354.0  697.22
355.0  701.00
356.0  704.78
357.0  708.56
358.0  712.34
359.0  716.13
360.0  719.91
361.0  723.69
362.0  727.47
363.0  731.25
364.0  735.04
365.0  738.82
366.0  742.60
367.0  746.38
368.0  750.16
369.0  753.95
370.0  757.73
371.0  761.51
372.0  765.29
373.0  769.07
