яйца в скорлупе
0.620
213.0    0.00
214.0    1.79
215.0    3.58
216.0    5.37
217.0    7.17
218.0    8.96
219.0   10.76
220.0   12.55
221.0   14.35
222.0   16.15
223.0   17.95
224.0   19.75
225.0   21.56
226.0   23.37
227.0   25.17
228.0   26.99
229.0   28.80
230.0   30.61
231.0   32.43
232.0   34.25
233.0   36.08
234.0   37.90
235.0   39.74
236.0   41.57
237.0   43.41
238.0   45.25
239.0   47.10
240.0   48.95
241.0   50.81
242.0   52.68
243.0   54.55
244.0   56.43
245.0   58.32
246.0   60.22
247.0   62.13
248.0   64.05
249.0   65.98
250.0   67.93
251.0   69.89
252.0   71.88
253.0   73.89
254.0   75.92
255.0   77.99
256.0   80.09
257.0   82.23
258.0   84.42
259.0   86.68
260.0   89.01
261.0   91.43
262.0   93.98
263.0   96.68
264.0   99.60
265.0  102.80
266.0  106.41
267.0  110.63
268.0  115.85
269.0  122.78
270.0  133.17
271.0  152.17
272.0  205.63
272.5  309.88
274.0  314.58
275.0  317.72
276.0  320.85
277.0  323.99
278.0  327.12
279.0  330.26
280.0  333.39
281.0  336.53
282.0  339.66
283.0  342.80
284.0  345.93
285.0  349.07
286.0  352.20
287.0  355.34
288.0  358.47
289.0  361.61
290.0  364.74
291.0  367.88
292.0  371.01
293.0  374.15
294.0  377.28
295.0  380.42
296.0  383.55
297.0  386.69
298.0  389.82
299.0  392.96
300.0  396.09
301.0  399.23
302.0  402.36
303.0  405.50
304.0  408.63
305.0  411.77
306.0  414.90
307.0  418.04
308.0  421.17
309.0  424.31
310.0  427.44
311.0  430.58
312.0  433.71
313.0  436.85
314.0  439.98
315.0  443.12
316.0  446.25
317.0  449.39
318.0  452.52
319.0  455.66
320.0  458.79
321.0  461.93
322.0  465.06
323.0  468.20
324.0  471.33
325.0  474.47
326.0  477.60
327.0  480.74
328.0  483.87
329.0  487.01
330.0  490.14
331.0  493.28
332.0  496.41
333.0  499.55
334.0  502.68
335.0  505.82
336.0  508.95
337.0  512.09
338.0  515.22
339.0  518.36
340.0  521.49
341.0  524.63
342.0  527.76
343.0  530.90
344.0  534.03
345.0  537.17
346.0  540.30
347.0  543.44
348.0  546.57
349.0  549.71
350.0  552.84
351.0  555.98
352.0  559.11
353.0  562.25
354.0  565.38
355.0  568.52
356.0  571.65
357.0  574.79
358.0  577.92
359.0  581.06
360.0  584.19
361.0  587.33
362.0  590.46
363.0  593.60
364.0  596.73
365.0  599.87
366.0  603.00
367.0  606.14
368.0  609.27
369.0  612.41
370.0  615.54
371.0  618.68
372.0  621.81
373.0  624.95
