абрикосы
0.870
213.0    0.00
214.0    2.20
215.0    4.41
216.0    6.62
217.0    8.83
218.0   11.05
219.0   13.28
220.0   15.51
221.0   17.75
222.0   19.99
223.0   22.24
224.0   24.50
225.0   26.77
226.0   29.04
227.0   31.32
228.0   33.61
229.0   35.91
230.0   38.22
231.0   40.54
232.0   42.87
233.0   45.21
234.0   47.56
235.0   49.92
236.0   52.30
237.0   54.70
238.0   57.10
239.0   59.53
240.0   61.97
241.0   64.43
242.0   66.92
243.0   69.42
244.0   71.95
245.0   74.51
246.0   77.09
247.0   79.71
248.0   82.36
249.0   85.05
250.0   87.79
251.0   90.57
252.0   93.41
253.0   96.30
254.0   99.27
255.0  102.31
256.0  105.45
257.0  108.69
258.0  112.06
259.0  115.58
260.0  119.28
261.0  123.19
262.0  127.39
263.0  131.94
264.0  136.95
265.0  142.60
266.0  149.14
267.0  157.03
268.0  167.12
269.0  181.22
270.0  204.22
271.0  256.07
271.7  393.69
273.0  398.68
274.0  402.51
275.0  406.34
276.0  410.18
277.0  414.01
278.0  417.85
279.0  421.68
280.0  425.51
281.0  429.35
282.0  433.18
283.0  437.02
284.0  440.85
285.0  444.68
286.0  448.52
287.0  452.35
288.0  456.19
289.0  460.02
290.0  463.85
291.0  467.69
292.0  471.52
293.0  475.36
294.0  479.19
295.0  483.02
296.0  486.86
297.0  490.69
298.0  494.53
299.0  498.36
300.0  502.19
301.0  506.03
302.0  509.86
303.0  513.70
304.0  517.53
305.0  521.36
306.0  525.20
307.0  529.03
308.0  532.87
309.0  536.70
310.0  540.53
311.0  544.37
312.0  548.20
313.0  552.04
314.0  555.87
315.0  559.70
316.0  563.54
317.0  567.37
318.0  571.21
319.0  575.04
320.0  578.87
321.0  582.71
322.0  586.54
323.0  590.38
324.0  594.21
325.0  598.04
326.0  601.88
327.0  605.71
328.0  609.55
329.0  613.38
330.0  617.21
331.0  621.05
332.0  624.88
333.0  628.72
334.0  632.55
335.0  636.38
336.0  640.22
337.0  644.05
338.0  647.89
339.0  651.72
340.0  655.55
341.0  659.39
342.0  663.22
343.0  667.06
344.0  670.89
345.0  674.72
346.0  678.56
347.0  682.39
348.0  686.23
349.0  690.06
350.0  693.89
351.0  697.73
352.0  701.56
353.0  705.40
354.0  709.23
355.0  713.06
356.0  716.90
357.0  720.73
358.0  724.57
359.0  728.40
360.0  732.23
361.0  736.07
362.0  739.90
363.0  743.74
364.0  747.57
365.0  751.40
366.0  755.24
367.0  759.07
368.0  762.91
369.0  766.74
370.0  770.57
371.0  774.41
372.0  778.24
373.0  782.08
